souid,lat_dec,lon_dec,time,value
97,60.812603,11.341144,2017-06-07T1210,0
158,59.411474,6.081433,2017-06-07T1210,0
165,58.778569,5.679316,2017-06-07T1210,0
186,59.258102,10.408615,2017-06-07T1210,0.3
217,58.616019,5.640448,2017-06-07T1210,0
265,59.938191,10.593968,2017-06-07T1210,0.1
270,59.274217,10.465353,2017-06-07T1210,0.2
283,60.796523,11.073677,2017-06-07T1210,0
284,59.927125,10.929133,2017-06-07T1210,0.1
292,59.756426,5.456053,2017-06-07T1210,0.1
314,58.786462,5.603914,2017-06-07T1210,0
316,59.9881,11.22939,2017-06-07T1210,0
333,61.490319,6.067332,2017-06-07T1210,0
340,60.040841,5.541645,2017-06-07T1210,0
341,59.94413,10.934443,2017-06-07T1210,0
361,61.284639,10.381182,2017-06-07T1210,0
385,64.862902,11.217403,2017-06-07T1210,0
388,59.303617,11.020027,2017-06-07T1210,0.1
396,60.449594,5.218434,2017-06-07T1210,0
411,59.984378,12.128015,2017-06-07T1210,0.1
412,60.357725,11.22787,2017-06-07T1210,0.1
422,59.375675,10.143724,2017-06-07T1210,0.61
429,62.476503,6.825451,2017-06-07T1210,0
433,62.562729,7.682858,2017-06-07T1210,0
445,66.855774,13.702122,2017-06-07T1210,0
474,63.309093,10.169849,2017-06-07T1210,0
475,63.348772,10.378269,2017-06-07T1210,0
483,59.51239,10.69083,2017-06-07T1210,0.3
491,62.69401,6.688584,2017-06-07T1210,0
525,59.28363,10.497925,2017-06-07T1210,0
539,59.830095,10.800143,2017-06-07T1210,0.1
554,62.680157,6.257447,2017-06-07T1210,0
569,59.956821,6.000324,2017-06-07T1210,0
570,59.199038,10.880889,2017-06-07T1210,0
574,60.866673,8.556312,2017-06-07T1210,0.4
578,59.974048,11.24234,2017-06-07T1210,0
587,59.898657,10.839051,2017-06-07T1210,0.1
588,60.064853,11.085087,2017-06-07T1210,0.1
591,59.101346,11.236292,2017-06-07T1210,0.2
602,69.31608,16.120228,2017-06-07T1210,0
611,59.931407,10.720345,2017-06-07T1210,0.3
614,58.855176,9.581631,2017-06-07T1210,0.2
617,58.819821,5.746952,2017-06-07T1210,0
628,58.83687,5.724044,2017-06-07T1210,0
673,59.431918,10.632035,2017-06-07T1210,0.2
675,58.772478,5.808198,2017-06-07T1210,0
681,59.000615,5.61055,2017-06-07T1210,0
684,58.886208,5.67644,2017-06-07T1210,0
689,58.729814,5.656112,2017-06-07T1210,0
726,63.012381,7.965422,2017-06-07T1210,0
737,61.526316,11.859204,2017-06-07T1210,0
740,60.310365,5.275034,2017-06-07T1210,0
743,59.483584,9.778583,2017-06-07T1210,1.21
747,58.081006,7.819228,2017-06-07T1210,0
762,60.393527,5.443533,2017-06-07T1210,0
763,61.070594,10.63313,2017-06-07T1210,0
764,59.273411,10.489302,2017-06-07T1210,0
765,59.905262,10.808558,2017-06-07T1210,0.1
768,59.932995,10.761954,2017-06-07T1210,0.1
772,59.888794,10.838392,2017-06-07T1210,0
779,63.354914,10.257042,2017-06-07T1210,0
780,65.820943,13.218291,2017-06-07T1210,0
783,58.453342,8.75121,2017-06-07T1210,0
785,58.14744,8.07537,2017-06-07T1210,0
789,58.99017,5.697338,2017-06-07T1210,0.1
790,60.316955,5.296539,2017-06-07T1210,0
806,59.769024,10.246537,2017-06-07T1210,0
820,60.638123,5.025212,2017-06-07T1210,0
830,58.415977,8.714833,2017-06-07T1210,0.1
833,60.550929,5.736132,2017-06-07T1210,0
834,59.968127,10.648802,2017-06-07T1210,0.1
835,59.012071,6.054016,2017-06-07T1210,0
837,59.707868,10.155142,2017-06-07T1210,0.4
841,59.895953,10.548282,2017-06-07T1210,0.1
842,58.785589,5.729691,2017-06-07T1210,0
844,65.485542,12.237009,2017-06-07T1210,0
845,59.198943,10.232423,2017-06-07T1210,0.1
850,58.092069,7.7962,2017-06-07T1210,0
851,58.154994,8.069207,2017-06-07T1210,0
852,60.378244,10.425065,2017-06-07T1210,0.4
860,59.911952,10.943645,2017-06-07T1210,0.1
877,59.927025,10.719326,2017-06-07T1210,0
884,59.523102,10.6859,2017-06-07T1210,0.2
888,58.088817,6.629787,2017-06-07T1210,0
901,58.888121,9.29925,2017-06-07T1210,0.2
914,59.91716,10.60433,2017-06-07T1210,0.2
915,59.880356,10.845113,2017-06-07T1210,0
931,58.820317,5.715916,2017-06-07T1210,0
942,58.01787,7.413086,2017-06-07T1210,0
968,60.269841,11.189922,2017-06-07T1210,0
975,59.581919,11.262771,2017-06-07T1210,0.2
982,58.956109,5.691571,2017-06-07T1210,0
986,58.927767,5.852246,2017-06-07T1210,0
989,58.822552,5.581603,2017-06-07T1210,0
993,58.747844,5.640292,2017-06-07T1210,0
999,59.254875,11.094999,2017-06-07T1210,0
1003,60.397955,5.308106,2017-06-07T1210,0
1005,58.16031,7.994608,2017-06-07T1210,0
1032,61.938317,5.116467,2017-06-07T1210,0
1040,62.45612,6.114519,2017-06-07T1210,0
1050,60.280098,5.671792,2017-06-07T1210,0
1051,60.393827,5.333817,2017-06-07T1210,0
1066,62.183082,6.079981,2017-06-07T1210,0
1073,65.233624,12.092986,2017-06-07T1210,0
1074,63.992034,12.086183,2017-06-07T1210,0
1105,59.904999,10.7487,2017-06-07T1210,0
1113,58.936271,5.730528,2017-06-07T1210,0
1115,59.404419,9.070981,2017-06-07T1210,0.2
1126,59.96785,10.768446,2017-06-07T1210,0.1
1127,58.982058,5.614257,2017-06-07T1210,0
1129,58.947499,6.940961,2017-06-07T1210,0.2
1143,60.216443,11.526594,2017-06-07T1210,0.2
1154,59.354449,5.329069,2017-06-07T1210,0
1163,60.345531,6.175765,2017-06-07T1210,0
1169,59.913188,10.78059,2017-06-07T1210,0
1174,62.481881,6.797849,2017-06-07T1210,0
1187,59.429188,10.672521,2017-06-07T1210,0.2
1198,62.102193,5.552686,2017-06-07T1210,0
1227,59.730772,10.757564,2017-06-07T1210,0.1
1242,59.359107,5.324412,2017-06-07T1210,0
1262,63.281973,9.039965,2017-06-07T1210,0
1263,59.409062,5.302314,2017-06-07T1210,0
1274,58.849122,5.724765,2017-06-07T1210,0
1282,59.658868,10.716816,2017-06-07T1210,0
1287,62.821104,6.912505,2017-06-07T1210,0
1290,59.831961,10.781475,2017-06-07T1210,0.1
1297,59.76429,9.928032,2017-06-07T1210,0.3
1300,61.733299,6.506912,2017-06-07T1210,0
1306,59.264087,11.14445,2017-06-07T1210,0.1
1307,59.492123,10.849078,2017-06-07T1210,0.4
1322,61.223794,11.860722,2017-06-07T1210,0.2
1323,63.477013,10.918218,2017-06-07T1210,0
1325,61.24707,7.136789,2017-06-07T1210,0
1329,58.518104,8.910377,2017-06-07T1210,0.1
1330,60.062938,10.856867,2017-06-07T1210,0.3
1339,59.141458,8.647632,2017-06-07T1210,0.91
1342,59.883538,10.812512,2017-06-07T1210,0.1
1350,62.612411,6.434488,2017-06-07T1210,0
1358,58.784198,5.618909,2017-06-07T1210,0
1359,58.045875,7.25628,2017-06-07T1210,0
1366,59.916465,10.579542,2017-06-07T1210,0.1
1373,59.173223,10.211358,2017-06-07T1210,0.3
1377,61.308733,12.254982,2017-06-07T1210,0
1387,58.607081,7.418134,2017-06-07T1210,0.1
1389,59.492763,10.653867,2017-06-07T1210,0
1395,58.596161,9.072552,2017-06-07T1210,0
1396,62.785889,7.529993,2017-06-07T1210,0
1398,67.280356,14.404916,2017-06-07T1210,0
1404,59.913059,10.764713,2017-06-07T1210,0.1
1405,58.963882,5.889534,2017-06-07T1210,0
1438,59.94187,10.766689,2017-06-07T1210,0.1
1450,69.627692,18.034794,2017-06-07T1210,0
1456,59.402559,5.29972,2017-06-07T1210,0
1461,67.263873,15.366411,2017-06-07T1210,0
1482,61.098572,10.510792,2017-06-07T1210,0
1495,59.302717,10.502018,2017-06-07T1210,0.2
1502,59.945249,10.805528,2017-06-07T1210,0.2
1508,60.832615,10.098879,2017-06-07T1210,0.1
1511,59.38981,10.68894,2017-06-07T1210,0.1
1518,59.922281,11.067372,2017-06-07T1210,0
1524,59.674844,10.249767,2017-06-07T1210,0.3
1526,68.377233,17.033658,2017-06-07T1210,0
1527,59.128181,9.64427,2017-06-07T1210,0
1542,59.21768,9.580859,2017-06-07T1210,0.2
1543,63.352895,10.379202,2017-06-07T1210,0
1546,63.719744,11.299396,2017-06-07T1210,0
1550,58.964309,5.742234,2017-06-07T1210,0
1556,62.807815,8.728375,2017-06-07T1210,0
1560,59.94948,11.020413,2017-06-07T1210,0
1566,60.330915,5.060195,2017-06-07T1210,0
1567,60.76563,10.602127,2017-06-07T1210,0.3
1583,63.066804,7.997816,2017-06-07T1210,0
1588,59.272438,10.483045,2017-06-07T1210,0.1
1592,63.362813,10.395116,2017-06-07T1210,0
1595,59.882559,10.612636,2017-06-07T1210,0.1
1612,58.732275,5.663794,2017-06-07T1210,0
1616,59.41509,10.477953,2017-06-07T1210,0.2
1622,60.208163,11.635314,2017-06-07T1210,0
1642,59.012907,10.004918,2017-06-07T1210,0.2
1650,59.92232,5.790918,2017-06-07T1210,0
1664,60.26204,5.248528,2017-06-07T1210,0
1669,58.978847,5.689058,2017-06-07T1210,0
1680,59.769635,10.813574,2017-06-07T1210,0.2
1682,60.397523,6.50315,2017-06-07T1210,0.2
1688,63.556729,10.675417,2017-06-07T1210,0
1706,60.322238,5.375867,2017-06-07T1210,0
1708,59.762931,10.037495,2017-06-07T1210,0.2
1712,59.926232,10.751956,2017-06-07T1210,0.2
1717,59.496516,10.292352,2017-06-07T1210,0.4
1721,59.920333,10.96808,2017-06-07T1210,0
1723,59.01146,9.743469,2017-06-07T1210,0.1
1735,60.365076,6.07566,2017-06-07T1210,0
1762,59.642956,6.293761,2017-06-07T1210,0
1765,60.124039,12.314136,2017-06-07T1210,0.1
1769,62.650171,11.527469,2017-06-07T1210,0
1773,60.213879,5.387884,2017-06-07T1210,0
1787,59.904999,10.7487,2017-06-07T1210,0.1
1801,59.88678,11.565257,2017-06-07T1210,0
1820,62.401813,6.584021,2017-06-07T1210,0
1825,59.2039,9.58139,2017-06-07T1210,0.3
1838,60.457831,5.131818,2017-06-07T1210,0
1850,59.129764,10.279937,2017-06-07T1210,0.1
1875,60.632587,12.023926,2017-06-07T1210,0.2
1886,59.175422,8.577488,2017-06-07T1210,1.11
1895,60.185968,12.097345,2017-06-07T1210,0.1
1909,62.516854,7.767886,2017-06-07T1210,0
1910,63.393526,10.370592,2017-06-07T1210,0
1929,59.938755,10.713543,2017-06-07T1210,0.2
1937,58.129299,8.091502,2017-06-07T1210,0
1945,59.744709,8.867318,2017-06-07T1210,0.51
1948,61.965048,5.951316,2017-06-07T1210,0
1955,61.103262,10.508524,2017-06-07T1210,0
1957,59.981574,11.237967,2017-06-07T1210,0
1963,63.512447,10.821994,2017-06-07T1210,0
1970,59.565115,10.584078,2017-06-07T1210,0.3
1979,59.10697,10.907091,2017-06-07T1210,0.1
1981,59.769901,5.497249,2017-06-07T1210,0.2
1985,59.767724,9.677341,2017-06-07T1210,0.81
1994,59.676825,9.638204,2017-06-07T1210,0.91
2011,59.910912,10.519317,2017-06-07T1210,0.1
2012,58.192001,7.936783,2017-06-07T1210,0
2015,59.520439,5.279354,2017-06-07T1210,0.1
2016,61.053089,7.560379,2017-06-07T1210,0
2021,58.51781,7.693807,2017-06-07T1210,1.11
2024,58.988358,10.027719,2017-06-07T1210,0.1
2026,67.291676,14.612284,2017-06-07T1210,0
2034,60.354872,10.6165,2017-06-07T1210,0.4
2036,58.92843,5.73802,2017-06-07T1210,0
2037,59.910841,10.608998,2017-06-07T1210,0.3
2044,59.895317,10.582183,2017-06-07T1210,0.1
2051,58.885264,6.008867,2017-06-07T1210,0
2053,59.217039,9.597609,2017-06-07T1210,0.3
2057,59.834894,5.773806,2017-06-07T1210,0
2062,68.127299,13.540837,2017-06-07T1210,0
2065,63.438675,10.639042,2017-06-07T1210,0
2071,58.487632,7.919023,2017-06-07T1210,0.1
2074,60.325736,5.277186,2017-06-07T1210,0
2082,58.896431,5.72853,2017-06-07T1210,0.1
2087,61.379341,7.28152,2017-06-07T1210,0
2106,59.738821,11.804951,2017-06-07T1210,0.4
2109,59.9396,10.753446,2017-06-07T1210,0
2111,60.357787,5.365806,2017-06-07T1210,0
2118,60.406589,5.32626,2017-06-07T1210,0
2122,59.938445,11.170787,2017-06-07T1210,0.1
2135,58.448522,8.788637,2017-06-07T1210,0
2144,63.752511,11.233031,2017-06-07T1210,0
2154,59.172861,11.381077,2017-06-07T1210,0
2163,60.853784,10.990698,2017-06-07T1210,0
2172,59.600357,9.791943,2017-06-07T1210,0.91
2174,58.852423,5.895382,2017-06-07T1210,0
2179,59.443136,10.615298,2017-06-07T1210,0.2
2182,59.916126,10.710835,2017-06-07T1210,0
2185,59.594214,5.57479,2017-06-07T1210,0
2196,59.563903,9.297863,2017-06-07T1210,0.61
2199,60.490652,5.386401,2017-06-07T1210,0
2201,60.137421,11.166365,2017-06-07T1210,0.2
2208,58.74065,5.739393,2017-06-07T1210,0
2218,62.438872,6.175124,2017-06-07T1210,0
2219,58.034243,7.469193,2017-06-07T1210,0
2229,62.363839,5.538315,2017-06-07T1210,0
2230,59.929856,11.134569,2017-06-07T1210,0
2234,60.445898,5.175151,2017-06-07T1210,0
2238,61.335215,12.171206,2017-06-07T1210,0
2243,59.548041,5.849673,2017-06-07T1210,0
2258,63.404654,10.404869,2017-06-07T1210,0
2263,62.150831,6.077049,2017-06-07T1210,0
2264,59.87601,10.805044,2017-06-07T1210,0.1
2266,60.33737,5.29415,2017-06-07T1210,0
2269,61.932769,5.111364,2017-06-07T1210,0
2278,62.435443,6.379232,2017-06-07T1210,0
2282,58.916195,5.693336,2017-06-07T1210,0
2283,59.041226,11.056023,2017-06-07T1210,0.2
2284,59.409941,10.467645,2017-06-07T1210,0.3
2291,59.686729,10.348938,2017-06-07T1210,0.3
2294,58.741008,5.744333,2017-06-07T1210,0
2299,58.621373,5.650048,2017-06-07T1210,0
2300,60.529336,11.989401,2017-06-07T1210,0.2
2302,59.926792,10.68374,2017-06-07T1210,0
2307,63.092454,7.810559,2017-06-07T1210,0
2317,59.403535,5.287299,2017-06-07T1210,0
2322,59.9442,10.747339,2017-06-07T1210,0.1
2323,60.292117,5.077085,2017-06-07T1210,0
2330,60.260275,11.052258,2017-06-07T1210,0.2
2341,60.240635,10.38558,2017-06-07T1210,0.1
2342,67.237139,14.623215,2017-06-07T1210,0
2346,59.934965,10.713003,2017-06-07T1210,0.2
2347,60.746678,10.760618,2017-06-07T1210,0.1
2373,59.943997,10.826349,2017-06-07T1210,0.1
2388,59.95619,10.690032,2017-06-07T1210,0.2
2390,59.293498,10.754494,2017-06-07T1210,0.2
2397,59.931013,11.028646,2017-06-07T1210,0.1
2399,60.004833,10.929704,2017-06-07T1210,0.2
2402,59.020599,8.5202,2017-06-07T1210,0.3
2407,58.817518,5.738615,2017-06-07T1210,0
2411,59.123979,10.290723,2017-06-07T1210,0.1
2412,62.618449,7.090917,2017-06-07T1210,0
2413,59.034027,9.711487,2017-06-07T1210,0.2
2421,59.434464,10.693648,2017-06-07T1210,0.1
2432,59.28481,6.140156,2017-06-07T1210,0
2434,63.438609,10.624683,2017-06-07T1210,0
2435,62.235624,5.803361,2017-06-07T1210,0
2436,59.657346,9.633092,2017-06-07T1210,1.11
2438,58.859514,5.768968,2017-06-07T1210,0.1
2446,63.118487,8.305622,2017-06-07T1210,0
2450,60.268166,10.475202,2017-06-07T1210,0.4
2453,67.291161,14.572239,2017-06-07T1210,0
2455,58.449481,5.994741,2017-06-07T1210,0.51
2457,60.063831,11.081984,2017-06-07T1210,0.1
2461,60.041305,5.523555,2017-06-07T1210,0.1
2469,68.419742,17.372592,2017-06-07T1210,0
2470,60.463876,5.433405,2017-06-07T1210,0
2472,59.307217,11.125844,2017-06-07T1210,0.2
2473,58.8881,5.608788,2017-06-07T1210,0
2482,59.130303,10.401215,2017-06-07T1210,0.1
2487,59.210544,9.578784,2017-06-07T1210,0.3
2492,63.438202,10.602956,2017-06-07T1210,0
2496,58.70033,5.565922,2017-06-07T1210,0.1
2498,59.447693,5.393587,2017-06-07T1210,0.1
2510,60.379779,5.15724,2017-06-07T1210,0
2511,59.094559,5.775664,2017-06-07T1210,0
2518,60.385543,5.297339,2017-06-07T1210,0
2524,59.829319,10.687807,2017-06-07T1210,0
2529,59.132148,10.232331,2017-06-07T1210,0.1
2544,59.669375,10.531463,2017-06-07T1210,0.1
2550,60.806559,11.130564,2017-06-07T1210,0
2558,60.051902,5.507971,2017-06-07T1210,0.2
2559,62.229061,6.271328,2017-06-07T1210,0
2563,59.886072,10.83677,2017-06-07T1210,0.1
2568,59.408649,10.458273,2017-06-07T1210,0.4
2572,60.288424,5.390795,2017-06-07T1210,0
2581,63.539103,11.856505,2017-06-07T1210,0
2591,58.828365,5.754532,2017-06-07T1210,0
2596,62.342787,5.861387,2017-06-07T1210,0
2608,59.931685,10.765865,2017-06-07T1210,0.1
2611,60.549897,9.139392,2017-06-07T1210,1.21
2619,62.536335,6.576155,2017-06-07T1210,0
2620,59.133708,10.227744,2017-06-07T1210,0.3
2626,63.791043,11.501613,2017-06-07T1210,0
2627,59.912701,10.7461,2017-06-07T1210,0
2628,59.783747,10.447489,2017-06-07T1210,0.1
2629,58.958075,5.62494,2017-06-07T1210,0
2631,59.793612,5.186949,2017-06-07T1210,0.1
2632,59.950001,10.75,2017-06-07T1210,0
2635,59.709191,10.826917,2017-06-07T1210,0.2
2642,63.013957,7.968353,2017-06-07T1210,0
2649,60.701228,8.999775,2017-06-07T1210,0.4
2655,68.218102,14.482403,2017-06-07T1210,0
2661,59.755187,10.835975,2017-06-07T1210,0.1
2669,62.185349,6.14109,2017-06-07T1210,0
2672,63.432821,10.603686,2017-06-07T1210,0
2674,59.030885,6.033999,2017-06-07T1210,0
2683,59.40085,9.20743,2017-06-07T1210,0
2684,59.967511,10.643688,2017-06-07T1210,0.3
2685,58.272336,8.503182,2017-06-07T1210,0
2700,58.959179,5.700101,2017-06-07T1210,0
2701,59.266771,11.146598,2017-06-07T1210,0.1
2708,59.961701,10.654199,2017-06-07T1210,0.1
2715,68.035055,16.016344,2017-06-07T1210,0
2725,62.589439,9.661994,2017-06-07T1210,0
2732,62.265511,10.771697,2017-06-07T1210,0
2740,58.659471,5.65628,2017-06-07T1210,0
2742,59.748761,10.298653,2017-06-07T1210,0.1
2771,59.504529,5.58177,2017-06-07T1210,0
2772,59.9116,10.7484,2017-06-07T1210,0.2
2773,59.942723,11.016087,2017-06-07T1210,0
2776,59.872993,10.51292,2017-06-07T1210,0.1
2780,59.502453,10.074073,2017-06-07T1210,0.71
2785,65.074112,11.95433,2017-06-07T1210,0
2788,58.17156,8.083307,2017-06-07T1210,0.2
2795,63.398507,10.336124,2017-06-07T1210,0
2801,58.72927,5.646288,2017-06-07T1210,0
2807,59.278995,10.458274,2017-06-07T1210,0.3
2811,59.900131,10.56559,2017-06-07T1210,0.1
2812,58.553739,7.773406,2017-06-07T1210,0.4
2820,60.705319,10.811301,2017-06-07T1210,0
2821,58.476077,8.794615,2017-06-07T1210,0
2822,59.595943,5.586562,2017-06-07T1210,0.1
2845,59.94847,10.69992,2017-06-07T1210,0.2
2848,58.930738,5.745663,2017-06-07T1210,0.1
2876,59.593832,11.334721,2017-06-07T1210,0.2
2882,63.417812,10.497063,2017-06-07T1210,0
2895,59.979986,11.027801,2017-06-07T1210,0
2897,60.86569,11.567633,2017-06-07T1210,0
2899,61.051267,7.548921,2017-06-07T1210,0
2910,58.167589,8.161129,2017-06-07T1210,0
2915,60.629562,6.422151,2017-06-07T1210,0
2918,59.762563,10.854221,2017-06-07T1210,0.1
2921,64.856172,11.611196,2017-06-07T1210,0
2925,59.936547,10.660678,2017-06-07T1210,0.3
2928,60.540453,5.061167,2017-06-07T1210,0
2932,59.819775,11.493205,2017-06-07T1210,0
2934,59.413581,5.267987,2017-06-07T1210,0.1
2939,63.282332,10.433963,2017-06-07T1210,0
2942,60.32098,11.241018,2017-06-07T1210,0.1
2951,60.734791,11.29333,2017-06-07T1210,0.1
2958,60.524325,5.194439,2017-06-07T1210,0
2961,63.994749,10.014188,2017-06-07T1210,0
2973,59.89144,10.695958,2017-06-07T1210,0.2
2977,58.729211,5.665779,2017-06-07T1210,0
2997,63.266327,8.369928,2017-06-07T1210,0
2998,60.391102,5.3247,2017-06-07T1210,0
3002,58.993021,5.913835,2017-06-07T1210,0
3004,62.219412,6.249558,2017-06-07T1210,0
3006,63.043344,7.536886,2017-06-07T1210,0
3008,60.412559,5.322446,2017-06-07T1210,0
3009,59.769986,5.496847,2017-06-07T1210,0.2
3011,60.880901,10.9395,2017-06-07T1210,0.1
3012,59.857294,10.807051,2017-06-07T1210,0
3019,59.94743,11.03761,2017-06-07T1210,0
3031,59.943855,11.017851,2017-06-07T1210,0
3033,60.388772,5.228936,2017-06-07T1210,0
3043,62.207639,6.142787,2017-06-07T1210,0
3049,60.888257,10.958391,2017-06-07T1210,0
3051,58.300008,6.639135,2017-06-07T1210,0.1
3059,58.99263,9.858975,2017-06-07T1210,0.4
3060,59.273957,5.308706,2017-06-07T1210,0
3064,59.196268,10.377917,2017-06-07T1210,0.1
3068,63.473143,11.119329,2017-06-07T1210,0
3075,59.879827,10.84602,2017-06-07T1210,0.1
3076,59.423036,5.398702,2017-06-07T1210,0
3081,59.102474,10.244802,2017-06-07T1210,0.2
3097,60.25041,10.387659,2017-06-07T1210,0.1
3112,59.937324,10.684273,2017-06-07T1210,0.3
3116,63.42262,10.751445,2017-06-07T1210,0
3121,63.531587,9.425476,2017-06-07T1210,0
3129,60.393002,5.3242,2017-06-07T1210,0
3130,59.668137,6.005159,2017-06-07T1210,0
3137,60.379505,5.198105,2017-06-07T1210,0
3140,59.014515,5.58782,2017-06-07T1210,0
3143,59.044751,9.228812,2017-06-07T1210,0.61
3148,58.858444,5.56665,2017-06-07T1210,0
3149,59.935361,5.86157,2017-06-07T1210,0
3150,61.568195,10.276329,2017-06-07T1210,0
3156,63.284299,10.213176,2017-06-07T1210,0
3169,68.65543,15.33412,2017-06-07T1210,0
3178,60.846177,11.29732,2017-06-07T1210,0
3179,68.421149,17.330484,2017-06-07T1210,0
3182,59.917583,10.580452,2017-06-07T1210,0.2
3190,59.197781,6.049193,2017-06-07T1210,0
3222,58.817583,5.924307,2017-06-07T1210,0
3225,70.662385,23.676665,2017-06-07T1210,0
3226,59.60275,9.73271,2017-06-07T1210,0.71
3229,58.963493,5.739432,2017-06-07T1210,0.1
3236,59.798098,5.713135,2017-06-07T1210,0.1
3241,59.339133,6.225205,2017-06-07T1210,0
3252,68.095944,16.375468,2017-06-07T1210,0
3253,58.937693,9.594352,2017-06-07T1210,0.3
3254,59.881087,10.506868,2017-06-07T1210,0.2
3256,60.383981,5.297405,2017-06-07T1210,0
3257,61.185651,10.350307,2017-06-07T1210,0
3262,59.25611,10.365188,2017-06-07T1210,0.3
3264,59.650945,10.831906,2017-06-07T1210,0.1
3266,59.277173,11.06456,2017-06-07T1210,0
3268,62.482266,6.787756,2017-06-07T1210,0
3282,59.916698,10.6167,2017-06-07T1210,0.1
3285,60.16052,11.18605,2017-06-07T1210,0.2
3292,58.908183,5.668088,2017-06-07T1210,0
3294,58.246774,6.838767,2017-06-07T1210,0
3310,59.760022,9.896431,2017-06-07T1210,0.5
3313,59.158205,8.457243,2017-06-07T1210,0.71
3315,58.84334,5.770059,2017-06-07T1210,0
3321,59.120454,5.611402,2017-06-07T1210,0.1
3329,58.854072,5.757147,2017-06-07T1210,0
3330,61.275893,10.01118,2017-06-07T1210,0
3332,59.906246,11.100959,2017-06-07T1210,0
3334,59.735608,10.765022,2017-06-07T1210,0.2
3338,62.207192,6.085897,2017-06-07T1210,0
3342,60.385638,5.328608,2017-06-07T1210,0
3346,62.461698,6.300306,2017-06-07T1210,0
3350,58.073429,7.006398,2017-06-07T1210,0
3353,59.432098,5.6137,2017-06-07T1210,0
3354,58.910357,11.522008,2017-06-07T1210,0.2
3358,62.97017,7.157289,2017-06-07T1210,0
3361,59.23386,10.43488,2017-06-07T1210,0.2
3365,58.886387,5.658238,2017-06-07T1210,0
3369,59.099289,10.305914,2017-06-07T1210,0.1
3370,60.376133,5.111794,2017-06-07T1210,0
3373,60.342167,10.456944,2017-06-07T1210,0.71
3402,59.264123,5.209036,2017-06-07T1210,0.1
3405,60.342663,5.38089,2017-06-07T1210,0
3413,59.11461,10.234563,2017-06-07T1210,0.1
3415,59.927137,10.727803,2017-06-07T1210,0.2
3417,59.791265,9.910415,2017-06-07T1210,0.2
3421,66.353107,14.419093,2017-06-07T1210,0
3423,60.387142,5.455683,2017-06-07T1210,0
3426,60.744447,5.159701,2017-06-07T1210,0
3433,58.129109,8.074504,2017-06-07T1210,0
3437,60.048511,5.220466,2017-06-07T1210,0.1
3452,58.126989,7.055161,2017-06-07T1210,0
3456,59.424343,11.008598,2017-06-07T1210,0.3
3459,61.25738,7.133989,2017-06-07T1210,0
3465,60.189182,10.196319,2017-06-07T1210,0.2
3466,59.311216,11.155839,2017-06-07T1210,0.1
3468,60.375009,5.337965,2017-06-07T1210,0
3472,59.011919,11.016134,2017-06-07T1210,0.1
3476,58.866006,5.795633,2017-06-07T1210,0.1
3478,59.123987,8.513013,2017-06-07T1210,0.51
3486,62.465589,6.653951,2017-06-07T1210,0
3508,58.946355,5.682884,2017-06-07T1210,0
3514,58.983043,5.747517,2017-06-07T1210,0.1
3521,63.17665,8.314902,2017-06-07T1210,0
3522,59.669765,9.662145,2017-06-07T1210,1.11
3523,59.146313,10.183574,2017-06-07T1210,0.2
3526,59.680141,11.064142,2017-06-07T1210,0.2
3528,59.873679,10.252606,2017-06-07T1210,0.1
3529,58.47374,8.445108,2017-06-07T1210,0.1
3530,62.158768,10.201099,2017-06-07T1210,0
3535,63.094874,7.884044,2017-06-07T1210,0
3538,62.656271,8.637029,2017-06-07T1210,0
3540,59.156909,10.218911,2017-06-07T1210,0.1
3542,58.246538,8.044851,2017-06-07T1210,0
3554,61.081076,11.349041,2017-06-07T1210,0
3557,66.208544,13.055712,2017-06-07T1210,0
3566,58.502073,8.866095,2017-06-07T1210,0.1
3569,63.813172,9.709508,2017-06-07T1210,0
3581,58.771582,5.87935,2017-06-07T1210,0
3585,59.200001,9.6,2017-06-07T1210,0.2
3588,59.049938,10.085577,2017-06-07T1210,0.1
3600,59.563453,10.266619,2017-06-07T1210,0.3
3601,60.718887,10.595652,2017-06-07T1210,0.2
3602,63.534882,10.821783,2017-06-07T1210,0
3604,59.08487,5.998746,2017-06-07T1210,0
3606,60.528023,5.144515,2017-06-07T1210,0
3618,60.461223,5.343099,2017-06-07T1210,0
3620,62.749493,7.219696,2017-06-07T1210,0
3622,59.858987,10.789593,2017-06-07T1210,0
3633,62.280703,5.817876,2017-06-07T1210,0
3642,59.804074,10.266657,2017-06-07T1210,0.1
3645,58.857434,5.7433,2017-06-07T1210,0
3649,58.665934,6.717788,2017-06-07T1210,0.2
3651,61.721924,10.824515,2017-06-07T1210,0
3661,58.82016,9.384432,2017-06-07T1210,0.2
3664,59.273081,11.05799,2017-06-07T1210,0.1
3673,58.820582,5.712633,2017-06-07T1210,0
3686,63.70517,11.199994,2017-06-07T1210,0
3688,62.598413,9.678615,2017-06-07T1210,0
3691,63.771748,9.687755,2017-06-07T1210,0
3693,58.777954,5.676002,2017-06-07T1210,0
3697,58.994128,5.732437,2017-06-07T1210,0.1
3699,59.718574,10.163682,2017-06-07T1210,0.3
3700,63.712826,11.338835,2017-06-07T1210,0
3703,62.335161,7.359696,2017-06-07T1210,0
3706,59.255886,11.192292,2017-06-07T1210,0.1
3714,61.11661,5.291153,2017-06-07T1210,0
3715,59.005975,9.73752,2017-06-07T1210,0.2
3717,51.046077,13.655568,2017-06-07T1210,0
3719,60.102889,11.020478,2017-06-07T1210,0.2
3725,59.401315,10.480097,2017-06-07T1210,0.3
3729,59.920458,10.657913,2017-06-07T1210,0.2
3730,59.272891,10.457789,2017-06-07T1210,0.2
3733,60.312939,5.282335,2017-06-07T1210,0
3736,63.412308,10.449098,2017-06-07T1210,0
3758,58.945013,6.102338,2017-06-07T1210,0
3759,58.289156,6.672062,2017-06-07T1210,0
3765,62.427124,6.401009,2017-06-07T1210,0
3766,58.826865,5.75198,2017-06-07T1210,0
3768,63.762387,11.357788,2017-06-07T1210,0
3776,58.98534,5.61042,2017-06-07T1210,0
3781,58.287416,6.672657,2017-06-07T1210,0
3786,58.328352,7.009596,2017-06-07T1210,0
3787,62.581817,7.946846,2017-06-07T1210,0
3789,59.712271,11.05188,2017-06-07T1210,0.2
3795,62.37518,6.584506,2017-06-07T1210,0
3799,59.756149,9.829012,2017-06-07T1210,0.71
3800,62.797667,8.49388,2017-06-07T1210,0
3801,59.216029,10.896122,2017-06-07T1210,0.2
3808,62.766019,8.328816,2017-06-07T1210,0
3812,59.13873,10.275929,2017-06-07T1210,0.2
3813,59.260578,10.455229,2017-06-07T1210,0.2
3816,58.149856,7.927744,2017-06-07T1210,0
3818,58.423348,6.011179,2017-06-07T1210,0
3819,58.258875,8.399599,2017-06-07T1210,0.1
3821,59.963928,10.007465,2017-06-07T1210,0.4
3830,59.354937,5.278594,2017-06-07T1210,0
3840,58.452298,5.969007,2017-06-07T1210,0.3
3842,60.011451,10.930556,2017-06-07T1210,0.1
3843,59.902705,10.777771,2017-06-07T1210,0
3845,60.536439,9.038232,2017-06-07T1210,0.51
3852,58.385242,7.74729,2017-06-07T1210,0
3853,59.416302,5.4045,2017-06-07T1210,0
3854,58.638182,6.096581,2017-06-07T1210,0
3858,59.716317,8.150482,2017-06-07T1210,0.61
3861,59.54999,11.199546,2017-06-07T1210,0.2
3866,59.920189,10.738008,2017-06-07T1210,0.2
3867,59.116209,10.39137,2017-06-07T1210,0
3868,62.378249,6.032767,2017-06-07T1210,0
3869,59.900033,10.778021,2017-06-07T1210,0.1
3872,58.712552,9.201551,2017-06-07T1210,0.1
3873,60.345237,5.392517,2017-06-07T1210,0
3877,63.788854,11.663839,2017-06-07T1210,0
3887,63.746474,11.31489,2017-06-07T1210,0
3888,68.753306,17.785972,2017-06-07T1210,0
3889,58.997521,5.682404,2017-06-07T1210,0.1
3896,58.703414,6.823352,2017-06-07T1210,0.3
3899,59.935887,10.966924,2017-06-07T1210,0.1
3900,59.392953,11.468735,2017-06-07T1210,0.2
3911,62.90581,8.198674,2017-06-07T1210,0
3924,59.503366,6.399228,2017-06-07T1210,0
3928,61.099998,7.4737,2017-06-07T1210,0
3933,60.631435,8.12788,2017-06-07T1210,0.61
3936,62.251087,5.783564,2017-06-07T1210,0
3942,62.346911,5.863136,2017-06-07T1210,0
3948,59.878895,10.786439,2017-06-07T1210,0.1
3949,61.767119,4.878486,2017-06-07T1210,0
3953,60.325802,5.2833,2017-06-07T1210,0
3954,58.726655,5.664351,2017-06-07T1210,0
3957,60.246932,5.258424,2017-06-07T1210,0
3963,59.137754,5.904014,2017-06-07T1210,0
3968,58.771611,5.675189,2017-06-07T1210,0
3973,58.70146,5.787526,2017-06-07T1210,0
3977,59.725642,9.01934,2017-06-07T1210,0.3
3983,69.297772,18.264014,2017-06-07T1210,0
3990,59.852872,10.81723,2017-06-07T1210,0.1
3991,59.588268,11.143251,2017-06-07T1210,0.3
3993,59.706788,10.845361,2017-06-07T1210,0.1
3995,59.247364,10.931775,2017-06-07T1210,0.2
3998,59.74245,10.598703,2017-06-07T1210,0
4002,59.682232,9.653198,2017-06-07T1210,0.61
4003,66.223167,13.615036,2017-06-07T1210,0
4005,59.100783,9.684555,2017-06-07T1210,0.61
4006,62.917501,7.426184,2017-06-07T1210,0
4014,60.65502,10.638289,2017-06-07T1210,0.1
4015,61.91109,6.726527,2017-06-07T1210,0
4020,61.965225,11.538619,2017-06-07T1210,0
4027,62.323006,5.628057,2017-06-07T1210,0
4035,61.892288,11.24975,2017-06-07T1210,0
4046,58.860034,5.739359,2017-06-07T1210,0
4047,59.800823,10.803064,2017-06-07T1210,0
4051,60.725227,10.617069,2017-06-07T1210,0.1
4054,58.434372,8.741529,2017-06-07T1210,0
4055,59.247314,10.997265,2017-06-07T1210,0.1
4060,60.769356,11.13719,2017-06-07T1210,0
4062,59.294051,11.093185,2017-06-07T1210,0.1
4076,67.286967,14.598168,2017-06-07T1210,0
4079,58.263742,8.373616,2017-06-07T1210,0.1
4080,61.901155,6.696211,2017-06-07T1210,0
4094,63.437143,10.600091,2017-06-07T1210,0
4110,59.078828,9.674971,2017-06-07T1210,0.71
4117,59.6633,10.6297,2017-06-07T1210,0.1
4124,59.757,10.031457,2017-06-07T1210,0.2
4135,67.276464,14.367204,2017-06-07T1210,0
4150,62.734568,8.531247,2017-06-07T1210,0
4153,60.207349,5.073164,2017-06-07T1210,0.3
4157,61.938152,5.116433,2017-06-07T1210,0
4163,60.46992,5.075516,2017-06-07T1210,0
4165,60.39269,5.22092,2017-06-07T1210,0
4166,59.950001,10.75,2017-06-07T1210,1.01
4167,61.448705,5.829219,2017-06-07T1210,0
4173,59.816079,10.788528,2017-06-07T1210,0
4181,63.049167,7.584517,2017-06-07T1210,0
4188,59.128528,11.181821,2017-06-07T1210,0
4196,58.595112,6.175338,2017-06-07T1210,0
4209,60.391102,5.3247,2017-06-07T1210,0
4210,59.983101,11.033631,2017-06-07T1210,0.1
4214,62.40351,6.601021,2017-06-07T1210,0
4215,61.028363,9.825563,2017-06-07T1210,0.1
4217,58.595537,6.18578,2017-06-07T1210,0
4226,63.789706,11.558804,2017-06-07T1210,0
4227,60.844087,10.166561,2017-06-07T1210,0
4229,61.511333,5.727834,2017-06-07T1210,0
4230,59.229383,10.918747,2017-06-07T1210,0.1
4232,60.302588,5.271314,2017-06-07T1210,0
4236,59.223836,10.899621,2017-06-07T1210,0.1
4240,62.743583,7.191348,2017-06-07T1210,0
4248,60.202962,5.487935,2017-06-07T1210,0
4263,58.092367,7.034204,2017-06-07T1210,0
4268,60.341919,5.282063,2017-06-07T1210,0
4270,59.797662,5.684694,2017-06-07T1210,0
4276,59.673519,10.810324,2017-06-07T1210,0.1
4279,63.111158,7.749428,2017-06-07T1210,0
4286,59.353856,10.460389,2017-06-07T1210,0.3
4294,59.67452,5.932724,2017-06-07T1210,0
4301,58.822364,5.759758,2017-06-07T1210,0
4302,60.459063,6.753969,2017-06-07T1210,0
4308,62.29725,5.795101,2017-06-07T1210,0
4315,58.978474,9.66366,2017-06-07T1210,0.5
4318,60.386735,5.350485,2017-06-07T1210,0
4319,59.964492,10.7436,2017-06-07T1210,0.2
4323,59.423167,10.384534,2017-06-07T1210,0.2
4325,58.245011,8.37393,2017-06-07T1210,0
4327,62.350767,5.757479,2017-06-07T1210,0
4329,59.137744,9.597836,2017-06-07T1210,0.2
4332,67.990887,15.633419,2017-06-07T1210,0
4333,58.163193,8.033988,2017-06-07T1210,0.1
4337,60.356989,5.077394,2017-06-07T1210,0
4340,58.94995,5.685531,2017-06-07T1210,0
4342,60.103598,5.216153,2017-06-07T1210,0.2
4347,58.123,8.094246,2017-06-07T1210,0
4359,59.67328,10.705302,2017-06-07T1210,0.1
4364,60.465854,5.316317,2017-06-07T1210,0
4367,59.147028,9.663923,2017-06-07T1210,0.2
4372,59.417149,10.658684,2017-06-07T1210,0.1
4377,59.660862,10.651456,2017-06-07T1210,0.3
4382,59.2085,10.078722,2017-06-07T1210,0.51
4385,59.540312,10.744172,2017-06-07T1210,0.2
4387,63.794371,11.469342,2017-06-07T1210,0
4388,59.530028,5.870812,2017-06-07T1210,0
4398,58.460077,8.746222,2017-06-07T1210,0
4401,58.91001,5.731306,2017-06-07T1210,0
4403,60.154223,10.251564,2017-06-07T1210,0.51
4406,63.430676,10.34664,2017-06-07T1210,0
4411,59.027076,6.046081,2017-06-07T1210,0
4412,58.948633,5.730548,2017-06-07T1210,0.1
4413,68.834519,17.070159,2017-06-07T1210,0
4421,58.935442,5.719903,2017-06-07T1210,0
4423,60.868562,8.542132,2017-06-07T1210,0.71
4424,58.24193,6.640478,2017-06-07T1210,0
4427,62.742937,7.226805,2017-06-07T1210,0
4429,58.401344,8.702325,2017-06-07T1210,0
4433,59.138134,11.040155,2017-06-07T1210,0
4434,58.857898,9.577012,2017-06-07T1210,0
4437,63.772282,11.482497,2017-06-07T1210,0
4438,59.226651,11.013713,2017-06-07T1210,0.1
4439,59.68709,10.703067,2017-06-07T1210,0.1
4447,60.350436,5.378141,2017-06-07T1210,0
4458,60.4705,11.0285,2017-06-07T1210,0.1
4459,63.749134,10.087767,2017-06-07T1210,0
4462,58.956004,5.630604,2017-06-07T1210,0
4466,60.301429,5.339902,2017-06-07T1210,0
4469,59.645346,6.799074,2017-06-07T1210,0
4470,59.954754,10.85411,2017-06-07T1210,0.1
4471,58.77475,5.879942,2017-06-07T1210,0.1
4476,60.849885,11.201901,2017-06-07T1210,0
4483,58.068041,6.960136,2017-06-07T1210,0
4485,66.371621,12.360008,2017-06-07T1210,0
4487,60.346799,5.381906,2017-06-07T1210,0
4492,60.24047,5.829729,2017-06-07T1210,0
4493,58.947118,5.57248,2017-06-07T1210,0
4495,60.345179,6.375081,2017-06-07T1210,0
4496,59.478922,10.865845,2017-06-07T1210,0.3
4498,59.944348,10.644343,2017-06-07T1210,0.3
4500,59.926396,10.87759,2017-06-07T1210,0
4503,59.965336,11.007778,2017-06-07T1210,0.1
4508,60.315182,5.286668,2017-06-07T1210,0
4514,62.38,6.569811,2017-06-07T1210,0
4522,58.918903,6.8984,2017-06-07T1210,0.1
4526,61.453652,5.899382,2017-06-07T1210,0
4532,59.763427,10.811574,2017-06-07T1210,0.1
4534,58.14379,7.97888,2017-06-07T1210,0
4535,60.393002,5.3242,2017-06-07T1210,0.1
4537,60.439032,6.778412,2017-06-07T1210,0
4539,66.58736,12.236044,2017-06-07T1210,0
4542,60.364776,5.977301,2017-06-07T1210,0
4546,60.249917,11.339588,2017-06-07T1210,0.1
4547,65.470866,12.146013,2017-06-07T1210,0
4551,59.010099,5.655593,2017-06-07T1210,0.1
4558,58.948222,5.730288,2017-06-07T1210,0
4563,59.844658,10.812072,2017-06-07T1210,0.1
4567,59.908579,10.801479,2017-06-07T1210,0
4570,59.872882,11.561083,2017-06-07T1210,0.1
4579,58.652302,7.936971,2017-06-07T1210,0.2
4581,58.978397,5.718606,2017-06-07T1210,0.1
4584,62.535385,7.696445,2017-06-07T1210,0
4587,59.846548,5.767146,2017-06-07T1210,0
4591,58.731395,5.632505,2017-06-07T1210,0
4593,59.175908,10.934072,2017-06-07T1210,0.1
4595,59.93883,10.995473,2017-06-07T1210,0
4602,59.385039,5.298548,2017-06-07T1210,0
4604,59.075425,10.045936,2017-06-07T1210,0.3
4611,59.946744,5.983266,2017-06-07T1210,0
4612,59.124284,11.414998,2017-06-07T1210,0.4
4613,63.01628,7.398245,2017-06-07T1210,0
4621,59.072843,10.046552,2017-06-07T1210,0.2
4627,58.167783,8.020394,2017-06-07T1210,0.1
4630,60.253768,12.059035,2017-06-07T1210,0.2
4635,60.353711,5.372001,2017-06-07T1210,0
4651,62.77466,8.053379,2017-06-07T1210,0
4659,59.643185,5.881663,2017-06-07T1210,0
4664,59.929013,10.630059,2017-06-07T1210,0.3
4665,60.934803,5.134752,2017-06-07T1210,0
4670,59.985461,8.727223,2017-06-07T1210,0.61
4673,61.489139,6.069022,2017-06-07T1210,0
4676,68.016577,15.327005,2017-06-07T1210,0
4677,59.083597,10.261384,2017-06-07T1210,0.2
4678,58.297001,6.6607,2017-06-07T1210,0
4682,58.945026,9.138146,2017-06-07T1210,0.3
4685,62.327757,5.969298,2017-06-07T1210,0
4689,61.099329,7.483191,2017-06-07T1210,0
4690,62.180763,6.191177,2017-06-07T1210,0
4697,60.349203,5.387329,2017-06-07T1210,0
4707,61.057515,7.816024,2017-06-07T1210,0
4710,59.781348,10.225247,2017-06-07T1210,0.1
4715,59.14696,10.222276,2017-06-07T1210,0.2
4717,59.735504,10.331086,2017-06-07T1210,0.1
4725,60.133796,10.286893,2017-06-07T1210,0.4
4726,60.41578,5.215805,2017-06-07T1210,0
4727,59.945919,11.044365,2017-06-07T1210,0
4729,62.863147,7.181781,2017-06-07T1210,0
4732,58.86181,5.762215,2017-06-07T1210,0.1
4734,59.18696,9.632736,2017-06-07T1210,0.71
4745,59.114583,10.248798,2017-06-07T1210,0.1
4746,60.00484,10.926002,2017-06-07T1210,0
4747,59.86353,10.534292,2017-06-07T1210,0
4750,60.142046,11.250311,2017-06-07T1210,0.2
4762,59.023207,9.713142,2017-06-07T1210,0.1
4763,59.183617,5.999907,2017-06-07T1210,0
4765,58.861853,5.716418,2017-06-07T1210,0
4769,59.498268,5.913277,2017-06-07T1210,0
4775,59.939412,10.645896,2017-06-07T1210,0.1
4783,59.275329,10.488098,2017-06-07T1210,0.2
4785,58.73613,5.735629,2017-06-07T1210,0
4786,58.186059,6.79054,2017-06-07T1210,0
4792,63.5991,8.985673,2017-06-07T1210,0
4796,59.888971,9.922673,2017-06-07T1210,0.3
4800,62.756317,7.283291,2017-06-07T1210,0
4805,60.394374,11.225109,2017-06-07T1210,0.4
4823,62.742713,7.158707,2017-06-07T1210,0
4831,60.202824,12.013652,2017-06-07T1210,0.1
4836,64.019891,11.467146,2017-06-07T1210,0
4847,63.310166,10.164743,2017-06-07T1210,0
4849,59.224773,10.276718,2017-06-07T1210,0.3
4851,59.150519,5.2737,2017-06-07T1210,0
4853,59.761856,10.474936,2017-06-07T1210,0
4855,59.372859,8.472956,2017-06-07T1210,0.91
4869,62.774886,8.54015,2017-06-07T1210,0
4871,58.938666,5.5851,2017-06-07T1210,0
4873,60.836403,8.693929,2017-06-07T1210,0.3
4875,58.963602,5.607254,2017-06-07T1210,0
4878,59.841826,10.829096,2017-06-07T1210,0
4886,59.132279,9.636454,2017-06-07T1210,0.3
4908,59.86407,11.094102,2017-06-07T1210,0
4910,59.248377,10.354683,2017-06-07T1210,0.51
4911,59.047995,9.663519,2017-06-07T1210,0.2
4914,59.894865,10.852573,2017-06-07T1210,0
4916,62.727352,7.421461,2017-06-07T1210,0
4917,62.901522,11.853171,2017-06-07T1210,0
4925,65.464943,12.184545,2017-06-07T1210,0
4929,67.289703,14.4191,2017-06-07T1210,0
4930,60.935562,10.704519,2017-06-07T1210,0
4931,59.133531,11.405452,2017-06-07T1210,0
4936,59.229982,10.742956,2017-06-07T1210,0.1
4941,60.333496,5.214281,2017-06-07T1210,0.1
4943,59.721757,10.816745,2017-06-07T1210,0.2
4946,59.046709,8.468554,2017-06-07T1210,0.3
4956,66.906866,14.145222,2017-06-07T1210,0
4958,59.93883,10.593248,2017-06-07T1210,0.3
4969,58.9617,5.706639,2017-06-07T1210,0.1
4970,59.952641,5.628141,2017-06-07T1210,0
4985,67.306548,14.426835,2017-06-07T1210,0
4987,59.411953,10.479848,2017-06-07T1210,0.1
4994,59.751006,10.038572,2017-06-07T1210,0
4997,58.149855,8.071465,2017-06-07T1210,0
5003,60.35249,5.332108,2017-06-07T1210,0
5009,59.871687,10.770965,2017-06-07T1210,0.1
5015,63.325135,8.581617,2017-06-07T1210,0
5017,68.310453,13.861697,2017-06-07T1210,0
5021,59.673538,9.677147,2017-06-07T1210,0.71
5027,63.425349,10.74694,2017-06-07T1210,0
5030,59.818742,10.424027,2017-06-07T1210,0.1
5036,60.406941,5.222409,2017-06-07T1210,0
5037,66.243133,14.03122,2017-06-07T1210,0
5039,59.286626,5.221725,2017-06-07T1210,0
5041,58.852421,5.572737,2017-06-07T1210,0
5044,59.750227,8.863201,2017-06-07T1210,0.3
5045,59.288719,10.421636,2017-06-07T1210,0.3
5046,59.924355,10.99412,2017-06-07T1210,0
5049,60.478083,4.941022,2017-06-07T1210,0
5053,62.552358,6.259285,2017-06-07T1210,0
5057,59.352243,10.463252,2017-06-07T1210,0.2
5060,61.038522,7.644541,2017-06-07T1210,0
5063,59.935888,10.66589,2017-06-07T1210,0.3
5070,60.185044,5.462507,2017-06-07T1210,0
5089,60.742209,10.980457,2017-06-07T1210,0
5095,67.290751,14.571135,2017-06-07T1210,0
5101,59.284161,10.750175,2017-06-07T1210,0.2
5102,68.699272,15.45686,2017-06-07T1210,0
5106,58.454584,6.553681,2017-06-07T1210,0
5107,59.013609,6.967164,2017-06-07T1210,0.1
5108,60.33158,5.25308,2017-06-07T1210,0
5111,59.495601,9.96975,2017-06-07T1210,0.81
5112,59.050296,10.005755,2017-06-07T1210,0.1
5113,62.291944,6.661304,2017-06-07T1210,0
5122,59.019006,6.965518,2017-06-07T1210,0.1
5125,59.666622,10.782342,2017-06-07T1210,0
5129,58.502034,5.790346,2017-06-07T1210,0
5132,60.093297,10.120579,2017-06-07T1210,0.3
5133,59.822299,10.419822,2017-06-07T1210,0.1
5134,58.453594,6.557591,2017-06-07T1210,0
5137,62.595334,6.446277,2017-06-07T1210,0
5144,58.153666,8.066904,2017-06-07T1210,0
5145,59.785094,10.695945,2017-06-07T1210,0
5153,62.013212,5.104992,2017-06-07T1210,0
5158,59.197245,10.870532,2017-06-07T1210,0
5172,58.443233,8.727455,2017-06-07T1210,0
5187,60.612128,8.282154,2017-06-07T1210,0.81
5198,68.788304,17.175239,2017-06-07T1210,0
5199,59.265598,5.325877,2017-06-07T1210,0
5200,59.909354,10.531697,2017-06-07T1210,0.1
5208,58.734932,5.647307,2017-06-07T1210,0
5213,63.345255,10.352391,2017-06-07T1210,0
5217,63.284527,9.841708,2017-06-07T1210,0
5219,63.430566,10.476318,2017-06-07T1210,0
5225,59.920937,5.328654,2017-06-07T1210,0.1
5227,58.549424,6.491327,2017-06-07T1210,0
5237,60.284159,5.266384,2017-06-07T1210,0
5238,58.708284,6.370644,2017-06-07T1210,0.2
5257,59.141632,10.179103,2017-06-07T1210,0.2
5268,59.90992,5.299808,2017-06-07T1210,0.2
5277,61.978769,5.133021,2017-06-07T1210,0
5291,59.213949,9.499724,2017-06-07T1210,0.3
5296,64.461524,12.078393,2017-06-07T1210,0
5301,61.378776,5.816909,2017-06-07T1210,0
5304,59.283354,10.351878,2017-06-07T1210,0.71
5309,63.355584,9.287323,2017-06-07T1210,0
5314,63.931353,10.018254,2017-06-07T1210,0
5316,61.910106,6.71334,2017-06-07T1210,0
5317,60.85668,6.491268,2017-06-07T1210,0
5318,67.283804,14.376929,2017-06-07T1210,0
5330,60.173507,10.3364,2017-06-07T1210,0.71
5331,59.532742,9.843215,2017-06-07T1210,0.61
5333,60.269315,5.349859,2017-06-07T1210,0
5337,63.344647,10.361758,2017-06-07T1210,0
5341,60.332029,5.264022,2017-06-07T1210,0
5366,61.988545,5.073871,2017-06-07T1210,0
5368,59.985174,11.260018,2017-06-07T1210,0
5370,59.921017,10.948297,2017-06-07T1210,0
5371,59.620648,10.485991,2017-06-07T1210,0.61
5373,64.55759,11.263861,2017-06-07T1210,0
5378,59.20772,10.138718,2017-06-07T1210,0.51
5379,58.419742,6.009303,2017-06-07T1210,0
5384,60.434733,5.288355,2017-06-07T1210,0
5385,58.959441,5.620144,2017-06-07T1210,0
5389,60.621659,8.526818,2017-06-07T1210,0.2
5392,59.889348,10.811811,2017-06-07T1210,0.1
5393,60.42248,5.474873,2017-06-07T1210,0
5398,59.045858,9.680371,2017-06-07T1210,0.2
5400,59.820337,10.442494,2017-06-07T1210,0.1
5405,59.292325,5.213464,2017-06-07T1210,0.1
5411,60.371385,5.350525,2017-06-07T1210,0
5419,59.415948,5.257792,2017-06-07T1210,0
5423,63.477321,10.844385,2017-06-07T1210,0
5425,60.717856,8.319019,2017-06-07T1210,0.2
5429,59.676174,10.364339,2017-06-07T1210,0.4
5433,58.098266,6.768979,2017-06-07T1210,0
5444,60.371067,5.306042,2017-06-07T1210,0
5447,68.93077,15.048404,2017-06-07T1210,0
5449,58.042027,7.446887,2017-06-07T1210,0
5454,62.468823,6.309305,2017-06-07T1210,0
5455,58.957141,5.687922,2017-06-07T1210,0
5465,60.540433,5.063094,2017-06-07T1210,0
5467,58.952583,5.699275,2017-06-07T1210,0
5468,60.33637,5.339098,2017-06-07T1210,0
5470,62.911132,11.889988,2017-06-07T1210,0
5473,59.899576,10.563747,2017-06-07T1210,0
5474,58.720582,9.228484,2017-06-07T1210,0.1
5477,59.943001,10.6044,2017-06-07T1210,0.2
5486,59.440199,8.84194,2017-06-07T1210,0.61
5502,68.793414,16.562023,2017-06-07T1210,0
5507,66.776609,15.630293,2017-06-07T1210,0
5509,60.272634,10.192595,2017-06-07T1210,0.1
5516,61.317302,7.200574,2017-06-07T1210,0
5519,62.40311,6.579874,2017-06-07T1210,0
5521,61.574009,5.881681,2017-06-07T1210,0
5524,62.639731,6.817791,2017-06-07T1210,0
5532,68.234092,14.555771,2017-06-07T1210,0
5545,60.359706,5.229239,2017-06-07T1210,0
5546,66.312231,14.236026,2017-06-07T1210,0
5549,60.018445,11.054308,2017-06-07T1210,0.2
5551,59.53398,5.872714,2017-06-07T1210,0
5561,58.173208,7.859722,2017-06-07T1210,0.1
5564,60.373104,5.6652,2017-06-07T1210,0
5566,61.86729,6.079829,2017-06-07T1210,0
5570,58.991709,5.766793,2017-06-07T1210,0.1
5574,58.971782,5.60727,2017-06-07T1210,0
5576,63.88776,11.400193,2017-06-07T1210,0
5579,62.669037,8.540278,2017-06-07T1210,0
5589,62.296661,7.236093,2017-06-07T1210,0
5597,60.087946,10.993567,2017-06-07T1210,0
5605,58.870034,9.4073,2017-06-07T1210,0.4
5606,62.461464,6.290927,2017-06-07T1210,0
5617,59.083968,10.426983,2017-06-07T1210,0
5618,60.480565,5.738425,2017-06-07T1210,0
5619,68.23698,13.752227,2017-06-07T1210,0
5622,63.057975,11.529506,2017-06-07T1210,0
5627,65.820373,13.216437,2017-06-07T1210,0
5633,58.858988,5.642901,2017-06-07T1210,0
5649,60.354575,5.124912,2017-06-07T1210,0
5650,59.252314,10.389217,2017-06-07T1210,0.4
5654,59.865239,10.213252,2017-06-07T1210,0.1
5657,68.77769,16.561107,2017-06-07T1210,0
5659,60.333322,5.317785,2017-06-07T1210,0
5669,59.950001,10.75,2017-06-07T1210,0
5678,64.037893,11.489429,2017-06-07T1210,0
5690,67.280021,14.382831,2017-06-07T1210,0
5691,58.444583,8.750027,2017-06-07T1210,0.1
5711,62.982585,8.73082,2017-06-07T1210,0
5720,59.912707,10.823267,2017-06-07T1210,0
5730,59.961429,11.047685,2017-06-07T1210,0
5734,59.757156,10.466603,2017-06-07T1210,0.1
5738,62.346621,5.601586,2017-06-07T1210,0
5745,66.25423,13.978017,2017-06-07T1210,0
5746,60.745039,4.891708,2017-06-07T1210,0
5752,60.35465,5.37245,2017-06-07T1210,0
5762,60.345473,5.115354,2017-06-07T1210,0
5763,60.346774,6.399121,2017-06-07T1210,0
5764,58.77184,5.852723,2017-06-07T1210,0
5770,60.772066,10.702286,2017-06-07T1210,0.1
5771,60.391263,5.322054,2017-06-07T1210,0
5778,59.937374,11.016786,2017-06-07T1210,0
5780,59.026566,6.04479,2017-06-07T1210,0
5790,58.781224,6.321342,2017-06-07T1210,0.1
5799,60.339792,5.196813,2017-06-07T1210,0
5800,59.138258,10.187333,2017-06-07T1210,0.3
5801,68.501668,17.543392,2017-06-07T1210,0
5805,58.146453,6.830984,2017-06-07T1210,0
5809,61.939501,8.028319,2017-06-07T1210,0
5811,59.892344,10.532191,2017-06-07T1210,0.2
5814,58.136133,7.930645,2017-06-07T1210,0
5816,61.159993,8.031166,2017-06-07T1210,0.1
5817,63.566724,9.184491,2017-06-07T1210,0
5818,69.701535,18.975781,2017-06-07T1210,0
5822,59.985295,11.253622,2017-06-07T1210,0
5823,61.420252,10.381537,2017-06-07T1210,0
5825,59.011883,5.63909,2017-06-07T1210,0.1
5826,59.220539,9.603754,2017-06-07T1210,0.4
5828,58.089878,6.619366,2017-06-07T1210,0
5830,58.83752,5.734917,2017-06-07T1210,0
5833,59.379891,10.753156,2017-06-07T1210,0.1
5834,58.686986,5.583256,2017-06-07T1210,0
5841,61.930699,5.078574,2017-06-07T1210,0
5843,62.666931,9.217007,2017-06-07T1210,0
5848,58.687829,7.776397,2017-06-07T1210,0.2
5850,63.379706,7.794521,2017-06-07T1210,0
5853,63.42548,10.425482,2017-06-07T1210,0
5854,60.428403,7.269004,2017-06-07T1210,0
5856,59.901536,10.752864,2017-06-07T1210,0.1
5859,60.313737,5.367369,2017-06-07T1210,0
5864,59.005468,5.656845,2017-06-07T1210,0.1
5865,59.943598,10.934504,2017-06-07T1210,0.1
5870,58.822854,5.759067,2017-06-07T1210,0
5871,63.429222,10.168248,2017-06-07T1210,0
5882,59.397342,9.972872,2017-06-07T1210,0.61
5888,59.762146,10.451665,2017-06-07T1210,0
5895,67.284216,14.816594,2017-06-07T1210,0
5897,58.722243,9.0737,2017-06-07T1210,0.1
5900,63.79984,11.1902,2017-06-07T1210,0
5901,60.483228,5.258719,2017-06-07T1210,0
5902,63.721615,11.276298,2017-06-07T1210,0
5904,68.4356,17.437201,2017-06-07T1210,0
5905,60.460034,5.333468,2017-06-07T1210,0
5906,59.198488,10.449719,2017-06-07T1210,0.1
5914,63.385119,10.34224,2017-06-07T1210,0
5929,59.262937,10.363782,2017-06-07T1210,0.4
5932,59.784444,5.400327,2017-06-07T1210,0.1
5934,58.857905,9.382293,2017-06-07T1210,0.2
5939,58.777644,5.824908,2017-06-07T1210,0
5941,59.69212,9.814974,2017-06-07T1210,0.71
5944,58.11024,6.95894,2017-06-07T1210,0
5945,62.574699,11.3842,2017-06-07T1210,0
5953,59.280298,10.421575,2017-06-07T1210,0.4
5954,59.19845,9.572833,2017-06-07T1210,0.2
5960,59.659659,6.386869,2017-06-07T1210,0
5961,59.27492,9.278409,2017-06-07T1210,0.4
5966,60.530217,8.481974,2017-06-07T1210,0.61
5968,59.072093,11.460692,2017-06-07T1210,0.2
5978,59.920347,10.970586,2017-06-07T1210,0.1
5981,60.422507,4.994992,2017-06-07T1210,0
5982,58.431358,6.007624,2017-06-07T1210,0
5986,58.808931,6.253776,2017-06-07T1210,0
5988,58.274503,7.980546,2017-06-07T1210,0.1
5990,60.447474,12.0716,2017-06-07T1210,0.1
5995,63.427793,10.757326,2017-06-07T1210,0
5996,59.733451,11.030022,2017-06-07T1210,0.1
5998,59.718166,10.799603,2017-06-07T1210,0.2
6004,59.652299,9.669578,2017-06-07T1210,0
6005,62.345386,6.070758,2017-06-07T1210,0
6011,61.184256,6.805667,2017-06-07T1210,0
6019,59.785917,10.472707,2017-06-07T1210,0.1
6021,66.52386,13.178204,2017-06-07T1210,0
6024,59.803435,10.82324,2017-06-07T1210,0.1
6025,60.34337,5.270311,2017-06-07T1210,0
6034,63.117864,7.754777,2017-06-07T1210,0
6036,59.295889,5.230481,2017-06-07T1210,0
6041,58.343057,6.280777,2017-06-07T1210,0
6042,58.977712,5.71053,2017-06-07T1210,0.1
6043,59.584202,9.786502,2017-06-07T1210,0.71
6045,58.931864,5.597151,2017-06-07T1210,0
6049,59.277418,10.422318,2017-06-07T1210,0.1
6056,60.848522,11.268756,2017-06-07T1210,0
6057,59.015484,9.787093,2017-06-07T1210,0.2
6062,59.540274,9.56041,2017-06-07T1210,0.81
6065,61.591341,5.052402,2017-06-07T1210,0
6067,59.262211,10.366907,2017-06-07T1210,0.3
6084,64.18651,11.22754,2017-06-07T1210,0
6085,58.793813,5.686284,2017-06-07T1210,0
6088,59.847422,10.494654,2017-06-07T1210,0.1
6093,61.242288,7.719251,2017-06-07T1210,0
6107,60.368774,5.369189,2017-06-07T1210,0
6111,60.4221,10.5043,2017-06-07T1210,0.3
6116,59.992634,10.91127,2017-06-07T1210,0
6117,59.206053,10.811679,2017-06-07T1210,0.1
6126,58.423002,8.729251,2017-06-07T1210,0.1
6127,59.377302,10.464359,2017-06-07T1210,0.2
6129,61.478694,6.060141,2017-06-07T1210,0
6139,58.501658,5.801147,2017-06-07T1210,0
6143,60.07344,10.995373,2017-06-07T1210,0.1
6149,67.038777,14.02548,2017-06-07T1210,0
6153,59.938684,10.830406,2017-06-07T1210,0.1
6155,58.311182,6.677213,2017-06-07T1210,0
6158,60.468999,7.077007,2017-06-07T1210,0
6160,58.896996,5.716103,2017-06-07T1210,0
6164,69.083298,17.1833,2017-06-07T1210,0
6168,59.930978,10.490512,2017-06-07T1210,0.1
6169,60.29896,5.302805,2017-06-07T1210,0
6170,59.816783,5.341943,2017-06-07T1210,0.2
6172,59.822077,10.323093,2017-06-07T1210,0.1
6176,59.896169,10.5066,2017-06-07T1210,0.1
6181,58.964145,5.709517,2017-06-07T1210,0
6184,60.002315,5.144178,2017-06-07T1210,0.2
6201,58.823232,5.751142,2017-06-07T1210,0
6202,59.998525,5.491708,2017-06-07T1210,0.3
6208,59.822288,10.323691,2017-06-07T1210,0
6218,60.467674,5.224533,2017-06-07T1210,0
6226,58.737394,5.735726,2017-06-07T1210,0
6228,62.851217,8.52136,2017-06-07T1210,0
6231,59.579759,11.144823,2017-06-07T1210,0.3
6232,66.773481,15.630992,2017-06-07T1210,0
6236,59.122724,5.747947,2017-06-07T1210,0.1
6240,63.4018,10.354215,2017-06-07T1210,0
6244,59.183702,9.601992,2017-06-07T1210,0.51
6248,68.652296,15.458798,2017-06-07T1210,0
6252,59.000806,5.609752,2017-06-07T1210,0
6255,61.180026,8.113747,2017-06-07T1210,0
6256,61.871502,8.307809,2017-06-07T1210,0
6258,59.50268,5.579244,2017-06-07T1210,0.1
6262,59.448614,10.682208,2017-06-07T1210,0.2
6264,58.947592,5.57525,2017-06-07T1210,0
6265,59.046779,9.764201,2017-06-07T1210,0.4
6273,58.946526,5.705308,2017-06-07T1210,0
6275,58.992822,5.760866,2017-06-07T1210,0
6282,60.282632,5.269723,2017-06-07T1210,0
6285,59.954909,10.489655,2017-06-07T1210,0.1
6287,67.100943,15.398548,2017-06-07T1210,0
6288,61.458519,5.823729,2017-06-07T1210,0
6294,59.129195,10.247863,2017-06-07T1210,0.1
6300,60.084926,10.099622,2017-06-07T1210,1.31
6313,59.440055,10.436621,2017-06-07T1210,0.3
6314,58.416946,8.065509,2017-06-07T1210,0.2
6324,63.658752,11.138674,2017-06-07T1210,0
6326,59.645435,11.254222,2017-06-07T1210,0.2
6329,58.187803,8.036399,2017-06-07T1210,0.1
6340,60.086711,11.473856,2017-06-07T1210,0.1
6346,60.648836,10.857783,2017-06-07T1210,0.3
6348,62.559996,6.048195,2017-06-07T1210,0
6364,60.441081,5.171274,2017-06-07T1210,0
6366,63.4305,10.3951,2017-06-07T1210,0
6368,59.985127,11.031798,2017-06-07T1210,0
6369,59.602223,11.002284,2017-06-07T1210,0.1
6381,60.320077,5.269889,2017-06-07T1210,0
6384,59.609664,9.787034,2017-06-07T1210,0.91
6392,62.096142,6.163524,2017-06-07T1210,0
6393,62.556391,7.704835,2017-06-07T1210,0
6396,62.436953,6.26117,2017-06-07T1210,0
6398,60.08992,6.111773,2017-06-07T1210,0
6405,58.369032,8.644293,2017-06-07T1210,0
6408,59.89816,10.832547,2017-06-07T1210,0
6411,60.434591,5.466375,2017-06-07T1210,0
6413,58.33345,6.223297,2017-06-07T1210,0
6417,67.279152,14.40727,2017-06-07T1210,0
6419,63.417575,10.370155,2017-06-07T1210,0
6427,59.021763,6.056433,2017-06-07T1210,0
6428,63.533257,10.790655,2017-06-07T1210,0
6442,58.903582,5.727067,2017-06-07T1210,0
6444,63.499505,11.147219,2017-06-07T1210,0.1
6450,59.998454,10.280499,2017-06-07T1210,0
6452,59.2134,11.013916,2017-06-07T1210,0
6453,63.059505,7.510643,2017-06-07T1210,0
6457,66.015468,12.954032,2017-06-07T1210,0
6460,58.829011,5.818785,2017-06-07T1210,0
6473,62.740128,7.143488,2017-06-07T1210,0
6478,58.963353,5.744523,2017-06-07T1210,0
6479,59.940443,5.48346,2017-06-07T1210,0.2
6480,58.913253,5.675939,2017-06-07T1210,0
6487,63.422825,10.488198,2017-06-07T1210,0
6489,59.63829,5.390572,2017-06-07T1210,0.1
6496,61.909615,5.991522,2017-06-07T1210,0
6497,67.155107,13.976434,2017-06-07T1210,0
6498,63.119801,7.726042,2017-06-07T1210,0
6501,58.835825,5.774391,2017-06-07T1210,0
6505,60.305233,5.321435,2017-06-07T1210,0
6506,59.478773,5.740007,2017-06-07T1210,0.1
6508,59.040686,5.752049,2017-06-07T1210,0.2
6509,59.907235,10.855427,2017-06-07T1210,0
6513,59.869946,8.710286,2017-06-07T1210,0.4
6516,62.409647,6.555237,2017-06-07T1210,0
6519,62.412421,6.318054,2017-06-07T1210,0
6523,58.345632,7.979196,2017-06-07T1210,0.1
6527,58.880724,5.659106,2017-06-07T1210,0
6530,62.46388,6.848716,2017-06-07T1210,0
6543,59.909987,10.575447,2017-06-07T1210,0.2
6545,59.90223,10.537776,2017-06-07T1210,0.2
6550,58.839013,5.77062,2017-06-07T1210,0
6551,59.747827,10.147523,2017-06-07T1210,0.2
6553,63.569386,10.673445,2017-06-07T1210,0
6554,58.622471,9.060828,2017-06-07T1210,0
6557,59.463192,10.964541,2017-06-07T1210,0.3
6558,59.841987,9.582858,2017-06-07T1210,0.61
6562,59.656041,9.643811,2017-06-07T1210,0
6563,62.203842,6.133634,2017-06-07T1210,0
6566,60.388163,5.222503,2017-06-07T1210,0
6567,59.814531,10.465939,2017-06-07T1210,0.1
6569,59.788031,10.475846,2017-06-07T1210,0
6571,60.925373,11.780553,2017-06-07T1210,0
6575,60.682084,4.940632,2017-06-07T1210,0
6578,59.263788,10.423225,2017-06-07T1210,0.4
6584,65.906998,13.173903,2017-06-07T1210,0
6586,59.084643,5.973075,2017-06-07T1210,0
6592,62.472617,6.327942,2017-06-07T1210,0
6593,59.455462,9.029887,2017-06-07T1210,0.2
6598,59.901468,10.752881,2017-06-07T1210,0.2
6610,67.277487,14.398739,2017-06-07T1210,0
6615,60.76853,10.691386,2017-06-07T1210,0.2
6618,58.9694,5.723295,2017-06-07T1210,0
6629,59.487154,8.632247,2017-06-07T1210,0.51
6637,65.869729,13.197329,2017-06-07T1210,0
6638,58.136323,8.173653,2017-06-07T1210,0
6639,59.74396,10.769447,2017-06-07T1210,0.2
6640,58.976044,5.748357,2017-06-07T1210,0.1
6650,59.928568,10.760683,2017-06-07T1210,0.61
6651,58.928765,5.840018,2017-06-07T1210,0
6655,59.372235,5.246758,2017-06-07T1210,0
6658,62.277906,5.878429,2017-06-07T1210,0
6659,60.346889,6.167627,2017-06-07T1210,0
6661,61.060577,5.654566,2017-06-07T1210,0
6674,58.527236,5.793017,2017-06-07T1210,0
6679,58.921583,5.850718,2017-06-07T1210,0
6683,60.304835,6.291727,2017-06-07T1210,0
6692,58.299943,6.639031,2017-06-07T1210,0.1
6695,59.776336,10.291315,2017-06-07T1210,0.2
6697,60.481108,5.736877,2017-06-07T1210,0
6702,59.868466,10.792754,2017-06-07T1210,0
6703,59.977049,11.262531,2017-06-07T1210,0
6704,60.38646,5.800262,2017-06-07T1210,0
6705,67.661335,12.690629,2017-06-07T1210,0
6706,58.606265,8.965731,2017-06-07T1210,0
6707,58.112449,7.966476,2017-06-07T1210,0
6709,59.285801,10.4181,2017-06-07T1210,0.4
6711,61.095375,10.50005,2017-06-07T1210,0
6712,58.9701,5.7333,2017-06-07T1210,0
6718,60.005809,11.337005,2017-06-07T1210,0.1
6724,59.194352,9.54519,2017-06-07T1210,0
6727,58.156525,8.01303,2017-06-07T1210,0.1
6730,67.23505,14.599241,2017-06-07T1210,0
6731,60.092206,10.288567,2017-06-07T1210,0.2
6732,58.843461,5.766503,2017-06-07T1210,0
6733,58.85543,5.72269,2017-06-07T1210,0
6742,59.161655,8.628491,2017-06-07T1210,0
6744,59.228231,10.897983,2017-06-07T1210,0
6747,58.334063,8.573774,2017-06-07T1210,0
6749,60.921722,8.430975,2017-06-07T1210,0.4
6755,60.403546,5.479085,2017-06-07T1210,0
6763,59.73392,10.130338,2017-06-07T1210,0
6769,61.102118,7.490159,2017-06-07T1210,0
6772,61.318138,5.800563,2017-06-07T1210,0
6777,63.34541,9.971677,2017-06-07T1210,0
6780,60.204075,5.623247,2017-06-07T1210,0
6782,62.808674,8.725791,2017-06-07T1210,0
6783,59.484627,7.420193,2017-06-07T1210,0.61
6785,62.891259,7.682279,2017-06-07T1210,0
6788,66.334075,14.155245,2017-06-07T1210,0
6789,61.18734,6.85177,2017-06-07T1210,0
6793,59.521195,10.687748,2017-06-07T1210,0.3
6796,59.018367,6.042691,2017-06-07T1210,0
6800,59.939738,10.733041,2017-06-07T1210,0
6803,60.174542,5.456721,2017-06-07T1210,0
6807,59.890812,5.291131,2017-06-07T1210,0.2
6813,59.732556,10.912634,2017-06-07T1210,0.1
6816,59.82823,10.260276,2017-06-07T1210,0.1
6822,63.308711,10.437713,2017-06-07T1210,0
6830,59.921897,10.548906,2017-06-07T1210,0.2
6835,69.182832,19.050055,2017-06-07T1210,0
6839,60.521053,5.315037,2017-06-07T1210,0
6840,60.416352,5.205845,2017-06-07T1210,0
6843,59.794463,5.145055,2017-06-07T1210,0.1
6857,58.740107,6.79115,2017-06-07T1210,0.4
6863,60.026565,9.168743,2017-06-07T1210,1.01
6870,60.33513,11.298946,2017-06-07T1210,0.2
6880,59.907418,10.572871,2017-06-07T1210,0.1
6881,69.952246,23.218366,2017-06-07T1210,0
6884,60.035532,5.20506,2017-06-07T1210,0.1
6885,60.175836,10.326651,2017-06-07T1210,0.61
6886,62.472301,6.1549,2017-06-07T1210,0
6893,59.994971,11.023269,2017-06-07T1210,0.1
6896,60.242865,11.187247,2017-06-07T1210,0.1
6899,59.382582,10.403954,2017-06-07T1210,0.3
6900,60.357729,5.363861,2017-06-07T1210,0
6903,58.833827,5.724403,2017-06-07T1210,0
6905,59.275516,6.010127,2017-06-07T1210,0
6918,60.314563,5.336575,2017-06-07T1210,0
6927,59.725164,10.207441,2017-06-07T1210,0.2
6932,60.476102,5.469157,2017-06-07T1210,0
6933,60.373572,5.34285,2017-06-07T1210,0
6935,63.590685,10.962088,2017-06-07T1210,0
6939,59.304465,5.515939,2017-06-07T1210,0.1
6940,62.562889,7.158987,2017-06-07T1210,0
6945,68.677185,17.12583,2017-06-07T1210,0
6946,60.655769,6.441972,2017-06-07T1210,0
6949,60.295486,5.046953,2017-06-07T1210,0
6951,60.479215,5.691826,2017-06-07T1210,0
6953,59.053299,10.0352,2017-06-07T1210,1.21
6963,62.340067,6.040389,2017-06-07T1210,0
6967,59.18877,11.20988,2017-06-07T1210,0.1
6968,59.94418,10.774604,2017-06-07T1210,0
6970,58.739718,5.936472,2017-06-07T1210,0
6977,63.057013,8.240883,2017-06-07T1210,0
6984,58.189165,8.035432,2017-06-07T1210,0.2
6985,59.493402,9.970088,2017-06-07T1210,0.3
6986,59.734396,10.312359,2017-06-07T1210,0.1
6992,62.531815,7.694591,2017-06-07T1210,0
6993,59.923809,10.671768,2017-06-07T1210,0.2
6995,62.712447,7.42267,2017-06-07T1210,0
7001,63.451086,10.462124,2017-06-07T1210,0
7002,59.93259,5.866054,2017-06-07T1210,0
7012,63.429085,10.552209,2017-06-07T1210,0
7014,59.991908,10.627821,2017-06-07T1210,0.4
7015,60.253691,5.438046,2017-06-07T1210,0.1
7021,58.76773,5.872511,2017-06-07T1210,0
7022,59.619635,9.680976,2017-06-07T1210,0.61
7023,58.826713,5.713643,2017-06-07T1210,0
7026,60.484182,5.750831,2017-06-07T1210,0
7030,59.962559,10.782464,2017-06-07T1210,0.1
7032,60.818626,11.348752,2017-06-07T1210,0
7033,60.347607,5.371204,2017-06-07T1210,0
7037,59.510993,10.284627,2017-06-07T1210,0.3
7040,61.138176,10.45211,2017-06-07T1210,0
7044,63.29458,10.281353,2017-06-07T1210,0
7052,60.15231,10.372989,2017-06-07T1210,0.81
7061,59.90203,10.536406,2017-06-07T1210,0.1
7067,59.016181,5.597262,2017-06-07T1210,0
7077,60.466876,5.332308,2017-06-07T1210,0
7079,60.335707,5.251637,2017-06-07T1210,0
7083,60.550355,5.735454,2017-06-07T1210,0
7088,63.446934,10.954002,2017-06-07T1210,0
7094,59.943202,11.009919,2017-06-07T1210,0.1
7101,59.949994,11.022324,2017-06-07T1210,0
7102,58.293597,7.034897,2017-06-07T1210,0
7103,62.466702,6.15,2017-06-07T1210,0
7105,59.800943,5.494634,2017-06-07T1210,0.1
7109,59.004217,9.741075,2017-06-07T1210,0.1
7116,59.215336,10.134408,2017-06-07T1210,0.4
7120,59.760907,5.46897,2017-06-07T1210,0.1
7123,68.545174,16.765126,2017-06-07T1210,0
7126,58.924936,5.849395,2017-06-07T1210,0
7129,59.394379,5.301936,2017-06-07T1210,0
7130,60.15219,5.398496,2017-06-07T1210,0
7132,59.808598,10.443828,2017-06-07T1210,0.1
7133,59.0476,5.7013,2017-06-07T1210,0.1
7136,58.775831,5.850046,2017-06-07T1210,0
7138,59.05703,5.931332,2017-06-07T1210,0.1
7141,60.320771,5.353024,2017-06-07T1210,0
7142,59.07427,10.3044,2017-06-07T1210,0
7144,59.147569,5.239762,2017-06-07T1210,0
7146,59.921096,10.944794,2017-06-07T1210,0
7147,63.67582,9.66289,2017-06-07T1210,0
7149,59.162682,10.320037,2017-06-07T1210,0.1
7152,62.151458,6.129097,2017-06-07T1210,0
7154,62.544199,6.567284,2017-06-07T1210,0
7156,59.756367,10.462603,2017-06-07T1210,0
7162,58.103543,6.724254,2017-06-07T1210,0
7164,61.484795,6.066849,2017-06-07T1210,0
7167,59.612524,5.822202,2017-06-07T1210,0
7171,60.393002,5.3242,2017-06-07T1210,0
7172,59.417305,11.359731,2017-06-07T1210,0.3
7180,65.752908,12.576479,2017-06-07T1210,0
7183,68.214178,14.487712,2017-06-07T1210,0
7184,59.531871,10.685596,2017-06-07T1210,0.2
7186,59.563326,11.090031,2017-06-07T1210,0.2
7187,59.908562,10.787936,2017-06-07T1210,0.1
7188,59.907315,10.637091,2017-06-07T1210,0.2
7190,68.761153,17.149141,2017-06-07T1210,0
7191,60.758647,11.080021,2017-06-07T1210,0
7194,59.651778,10.807532,2017-06-07T1210,0.3
7203,62.300191,6.70373,2017-06-07T1210,0
7207,61.369518,11.810222,2017-06-07T1210,0
7208,61.91886,5.156885,2017-06-07T1210,0
7213,59.682861,10.656267,2017-06-07T1210,0.1
7214,60.40847,5.20646,2017-06-07T1210,0
7221,60.364454,5.337941,2017-06-07T1210,0
7223,58.922951,5.727301,2017-06-07T1210,0.1
7225,62.52134,9.607754,2017-06-07T1210,0
7227,64.123375,10.124177,2017-06-07T1210,0
7228,62.467644,6.379013,2017-06-07T1210,0
7231,63.20365,10.94503,2017-06-07T1210,0
7233,60.440434,5.45912,2017-06-07T1210,0
7245,58.229972,7.022541,2017-06-07T1210,0
7247,60.593435,5.364314,2017-06-07T1210,0
7251,59.430024,11.000974,2017-06-07T1210,0.3
7252,60.343533,5.350917,2017-06-07T1210,0
7260,62.807603,7.685707,2017-06-07T1210,0
7263,70.433372,28.245122,2017-06-07T1210,0
7274,59.1716,10.850477,2017-06-07T1210,0.1
7280,60.966616,9.191063,2017-06-07T1210,0.1
7282,62.339259,5.84649,2017-06-07T1210,0
7284,59.228337,10.106342,2017-06-07T1210,0.71
7285,60.335539,5.26714,2017-06-07T1210,0
7287,59.914155,10.79481,2017-06-07T1210,0.2
7290,59.831097,9.311767,2017-06-07T1210,0.71
7293,59.412477,10.278949,2017-06-07T1210,0.71
7306,58.374124,6.590927,2017-06-07T1210,0
7308,60.066283,8.950806,2017-06-07T1210,0.51
7310,60.806395,10.684907,2017-06-07T1210,0.1
7311,59.96915,11.05529,2017-06-07T1210,0
7317,60.877346,11.129001,2017-06-07T1210,0
7319,60.459999,5.372602,2017-06-07T1210,0
7322,60.379798,5.156204,2017-06-07T1210,0
7330,59.550363,10.288646,2017-06-07T1210,0.71
7331,59.292831,10.756394,2017-06-07T1210,0.2
7332,62.462042,6.326532,2017-06-07T1210,0
7338,59.105346,10.221621,2017-06-07T1210,0.1
7339,59.137653,10.172413,2017-06-07T1210,0.3
7341,58.785858,5.707956,2017-06-07T1210,0
7342,58.473744,6.00935,2017-06-07T1210,0
7347,61.224145,10.439595,2017-06-07T1210,0
7348,66.33459,14.104459,2017-06-07T1210,0
7351,58.2123,8.250669,2017-06-07T1210,0
7355,63.566163,10.695561,2017-06-07T1210,0
7367,59.116353,10.244755,2017-06-07T1210,0.1
7369,62.171757,5.438465,2017-06-07T1210,0
7370,59.796043,5.528139,2017-06-07T1210,0
7380,59.079976,10.201827,2017-06-07T1210,0.1
7382,61.042808,9.851923,2017-06-07T1210,0.2
7383,62.342819,5.695101,2017-06-07T1210,0
7388,60.326393,5.005549,2017-06-07T1210,0.1
7389,61.605033,5.140965,2017-06-07T1210,0
7390,68.821026,18.44434,2017-06-07T1210,0
7392,62.450971,6.350099,2017-06-07T1210,0
7395,59.872531,10.800948,2017-06-07T1210,0.1
7401,60.462743,5.297734,2017-06-07T1210,0
7402,59.945269,10.746401,2017-06-07T1210,0.2
7403,59.396684,10.363785,2017-06-07T1210,0.4
7405,63.321543,10.138449,2017-06-07T1210,0
7412,63.580558,9.512074,2017-06-07T1210,0
7415,61.21171,7.132139,2017-06-07T1210,0
7421,63.427396,10.362956,2017-06-07T1210,0
7426,59.328342,10.68303,2017-06-07T1210,0.2
7429,59.150394,5.244367,2017-06-07T1210,0.1
7432,63.309491,10.438024,2017-06-07T1210,0
7433,63.763461,11.752391,2017-06-07T1210,0
7435,58.027944,7.428219,2017-06-07T1210,0
7439,59.904383,10.815668,2017-06-07T1210,0.1
7442,66.36045,12.571296,2017-06-07T1210,0
7443,65.884535,12.27489,2017-06-07T1210,0
7448,59.908216,10.787167,2017-06-07T1210,0
7452,60.727642,9.356793,2017-06-07T1210,0.51
7455,61.529341,10.129672,2017-06-07T1210,0
7458,59.826382,10.324452,2017-06-07T1210,0.1
7463,60.462447,5.356739,2017-06-07T1210,0
7467,59.789974,5.513357,2017-06-07T1210,0
7468,58.078364,7.979634,2017-06-07T1210,0
7470,59.923211,10.623214,2017-06-07T1210,0.1
7475,63.387803,10.355102,2017-06-07T1210,0
7485,63.405486,8.984806,2017-06-07T1210,0
7490,59.519072,5.275261,2017-06-07T1210,0
7494,59.847327,10.823231,2017-06-07T1210,0
7499,65.494842,12.23719,2017-06-07T1210,0
7500,58.663923,6.719852,2017-06-07T1210,0.2
7511,60.242819,5.208455,2017-06-07T1210,0
7516,58.436042,8.779366,2017-06-07T1210,0
7531,59.175967,11.114795,2017-06-07T1210,0.1
7534,61.125653,9.092962,2017-06-07T1210,0.3
7536,59.426481,5.393953,2017-06-07T1210,0.1
7539,63.583428,9.922647,2017-06-07T1210,0
7543,60.330025,5.693252,2017-06-07T1210,0
7548,63.361185,10.386273,2017-06-07T1210,0
7551,59.656818,10.642946,2017-06-07T1210,0.1
7554,59.937842,10.600662,2017-06-07T1210,0.2
7557,62.577953,6.117666,2017-06-07T1210,0
7559,58.945902,5.576582,2017-06-07T1210,0
7564,61.458633,5.823339,2017-06-07T1210,0
7565,62.075708,5.54121,2017-06-07T1210,0
7570,59.815463,5.523027,2017-06-07T1210,0.1
7575,62.240459,6.007998,2017-06-07T1210,0
7576,58.844638,5.708198,2017-06-07T1210,0
7578,63.477344,10.957714,2017-06-07T1210,0
7585,59.88586,10.510305,2017-06-07T1210,0.1
7586,59.859625,5.741214,2017-06-07T1210,0
7587,58.685916,5.766698,2017-06-07T1210,0
7593,62.38612,6.55205,2017-06-07T1210,0
7602,61.329042,7.85549,2017-06-07T1210,0
7607,58.992012,9.662465,2017-06-07T1210,0.1
7610,60.357562,5.345028,2017-06-07T1210,0
7613,59.794503,5.714592,2017-06-07T1210,0.1
7615,59.78076,10.792176,2017-06-07T1210,0
7619,60.316447,5.077251,2017-06-07T1210,0
7621,59.29602,5.42894,2017-06-07T1210,0
7626,63.112152,7.746122,2017-06-07T1210,0
7631,63.329433,8.438353,2017-06-07T1210,0
7633,67.294569,14.817318,2017-06-07T1210,0
7634,63.726517,9.706327,2017-06-07T1210,0
7636,59.737964,10.405167,2017-06-07T1210,0
7638,59.241788,10.462242,2017-06-07T1210,0.2
7643,67.298957,14.398126,2017-06-07T1210,0
7651,61.286455,5.026801,2017-06-07T1210,0
7658,60.590709,11.962089,2017-06-07T1210,0.2
7659,62.038082,5.530793,2017-06-07T1210,0
7661,58.118237,8.090846,2017-06-07T1210,0
7674,60.106289,10.851376,2017-06-07T1210,0.61
7679,70.982101,25.9704,2017-06-07T1210,0
7681,59.169784,10.215137,2017-06-07T1210,0.3
7693,58.731593,5.639993,2017-06-07T1210,0
7698,58.996153,5.680924,2017-06-07T1210,0.1
7699,62.906044,8.195731,2017-06-07T1210,0
7705,61.919161,5.157676,2017-06-07T1210,0
7707,59.22153,9.602399,2017-06-07T1210,0.3
7708,61.121546,11.294733,2017-06-07T1210,0
7711,63.363767,10.382926,2017-06-07T1210,0
7713,59.320556,10.702636,2017-06-07T1210,0.1
7727,60.570087,9.120725,2017-06-07T1210,0.91
7728,59.061174,8.723843,2017-06-07T1210,0
7729,60.653277,10.925371,2017-06-07T1210,0.1
7733,58.780104,5.675661,2017-06-07T1210,0
7735,59.110834,9.652765,2017-06-07T1210,0.5
7743,60.306653,5.313982,2017-06-07T1210,0
7745,58.745419,9.201153,2017-06-07T1210,0.51
7747,60.001814,5.696227,2017-06-07T1210,0
7748,60.408146,5.473105,2017-06-07T1210,0
7754,59.078762,9.688035,2017-06-07T1210,0.71
7764,60.399768,5.763195,2017-06-07T1210,0
7765,59.949483,10.763622,2017-06-07T1210,0.2
7766,59.061105,8.722144,2017-06-07T1210,0.61
7781,60.476606,5.260457,2017-06-07T1210,0
7782,62.574263,11.373629,2017-06-07T1210,0
7785,60.271442,10.189806,2017-06-07T1210,0.3
7787,59.936756,10.511246,2017-06-07T1210,0
7789,60.373038,5.199981,2017-06-07T1210,0
7794,61.908598,8.066871,2017-06-07T1210,0
7797,63.475254,10.944319,2017-06-07T1210,0
7801,61.247704,8.904815,2017-06-07T1210,0.1
7804,58.156925,8.068769,2017-06-07T1210,0
7805,59.050799,10.034884,2017-06-07T1210,0.1
7806,59.632508,6.257253,2017-06-07T1210,0
7807,64.034376,11.475994,2017-06-07T1210,0
7808,59.662924,10.379049,2017-06-07T1210,0.71
7813,59.904745,10.787858,2017-06-07T1210,0.1
7816,60.371185,6.162746,2017-06-07T1210,0
7819,60.128926,10.277711,2017-06-07T1210,0.51
7821,59.942394,10.696215,2017-06-07T1210,0.3
7822,59.299611,8.419243,2017-06-07T1210,0.51
7824,70.075552,29.760843,2017-06-07T1210,0
7827,59.94418,10.774604,2017-06-07T1210,0
7828,63.840224,11.386506,2017-06-07T1210,0
7830,59.739869,10.988792,2017-06-07T1210,0.1
7832,59.553632,11.324835,2017-06-07T1210,0.4
7834,67.089496,14.246335,2017-06-07T1210,0
7835,68.350787,16.804656,2017-06-07T1210,0
7839,59.008709,9.741832,2017-06-07T1210,0.2
7846,63.373704,10.368768,2017-06-07T1210,0
7850,60.298089,5.324273,2017-06-07T1210,0
7853,62.330094,5.702216,2017-06-07T1210,0
7854,61.286546,10.097974,2017-06-07T1210,0
7863,58.967219,9.499029,2017-06-07T1210,0.4
7865,63.525275,10.767631,2017-06-07T1210,0
7870,60.897906,10.939447,2017-06-07T1210,0
7874,61.350575,5.073065,2017-06-07T1210,0
7876,59.124696,11.368698,2017-06-07T1210,0.1
7878,59.490427,11.655709,2017-06-07T1210,0.4
7887,63.418484,10.422352,2017-06-07T1210,0
7892,59.220634,10.890117,2017-06-07T1210,0.2
7900,66.036942,12.95712,2017-06-07T1210,0
7914,58.298351,8.53487,2017-06-07T1210,0
7916,60.739875,9.409146,2017-06-07T1210,0.3
7918,61.106336,9.919145,2017-06-07T1210,0
7921,59.884291,10.615975,2017-06-07T1210,0.1
7927,59.718848,11.460546,2017-06-07T1210,0.1
7932,63.012768,8.4682,2017-06-07T1210,0
7934,60.812809,11.050475,2017-06-07T1210,0
7937,60.337466,5.136323,2017-06-07T1210,0
7941,60.434092,5.236213,2017-06-07T1210,0
7945,58.843126,5.705612,2017-06-07T1210,0
7946,62.907697,6.965279,2017-06-07T1210,0
7949,59.521172,10.698563,2017-06-07T1210,0.3
7950,63.427453,7.850329,2017-06-07T1210,0
7951,66.754633,15.467568,2017-06-07T1210,0
7958,60.320719,5.278327,2017-06-07T1210,0
7969,59.954491,10.754949,2017-06-07T1210,0.3
7970,58.768815,5.840635,2017-06-07T1210,0
7976,60.225454,11.835168,2017-06-07T1210,0.2
7982,60.936854,4.809632,2017-06-07T1210,0
7985,59.663184,10.637516,2017-06-07T1210,0.1
7990,59.524636,10.472658,2017-06-07T1210,0.3
7995,61.246223,12.047311,2017-06-07T1210,0
8002,62.733792,6.442823,2017-06-07T1210,0
8003,58.197258,8.029203,2017-06-07T1210,0.1
8006,59.576863,5.808521,2017-06-07T1210,0
8010,59.909469,10.789525,2017-06-07T1210,0.1
8011,61.265942,10.439029,2017-06-07T1210,0
8013,59.285807,10.342959,2017-06-07T1210,0.4
8014,59.899113,10.505204,2017-06-07T1210,0.1
8024,59.782098,5.389057,2017-06-07T1210,0.1
8025,59.758957,9.959737,2017-06-07T1210,0.1
8026,66.994594,14.721798,2017-06-07T1210,0
8031,60.589184,4.799721,2017-06-07T1210,0
8038,60.457862,6.544618,2017-06-07T1210,0
8039,59.915638,10.954085,2017-06-07T1210,0
8041,59.740199,10.335216,2017-06-07T1210,0.1
8043,60.949933,10.619789,2017-06-07T1210,0
8044,59.81401,5.521828,2017-06-07T1210,0
8055,59.681117,9.654764,2017-06-07T1210,0.51
8061,59.22906,11.087662,2017-06-07T1210,0.1
8066,58.990883,9.655618,2017-06-07T1210,0.3
8069,59.261639,10.747266,2017-06-07T1210,0.3
8070,58.347041,6.280702,2017-06-07T1210,0
8071,59.921129,10.694257,2017-06-07T1210,0.3
8075,59.222591,10.911461,2017-06-07T1210,0.2
8077,63.793301,11.4817,2017-06-07T1210,0
8079,59.881488,10.778337,2017-06-07T1210,0
8084,68.240777,14.591066,2017-06-07T1210,0
8085,61.751331,11.181527,2017-06-07T1210,0
8090,60.264981,5.108656,2017-06-07T1210,0.1
8092,68.692492,15.183233,2017-06-07T1210,0
8094,58.971,5.7306,2017-06-07T1210,0
8095,59.120429,9.919404,2017-06-07T1210,0.61
8097,62.800502,8.758278,2017-06-07T1210,0
8103,60.165572,6.293365,2017-06-07T1210,0
8116,60.910534,9.550881,2017-06-07T1210,0.3
8119,63.09754,9.288601,2017-06-07T1210,0
8123,59.961495,10.932304,2017-06-07T1210,0.1
8124,59.413799,5.268,2017-06-07T1210,0.2
8125,59.603418,9.757092,2017-06-07T1210,0.81
8126,60.94787,7.102927,2017-06-07T1210,0
8128,60.567217,10.336718,2017-06-07T1210,0.3
8130,63.09522,7.844771,2017-06-07T1210,0
8137,59.905091,10.823353,2017-06-07T1210,0.1
8141,58.895945,9.367555,2017-06-07T1210,0.51
8146,59.155939,10.217072,2017-06-07T1210,0.2
8148,59.647896,9.657682,2017-06-07T1210,1.41
8166,59.71971,10.814646,2017-06-07T1210,0.1
8169,60.704897,12.345381,2017-06-07T1210,0
8176,63.362909,10.39488,2017-06-07T1210,0
8178,61.932661,5.221675,2017-06-07T1210,0
8181,58.664237,5.645054,2017-06-07T1210,0
8188,60.050485,10.857099,2017-06-07T1210,0.4
8194,61.14729,8.723892,2017-06-07T1210,0.4
8198,62.696732,7.664957,2017-06-07T1210,0
8203,59.411753,10.696518,2017-06-07T1210,0.2
8206,60.939506,10.725614,2017-06-07T1210,0
8209,69.421232,18.991911,2017-06-07T1210,0
8217,59.471583,9.009895,2017-06-07T1210,0.81
8219,63.412341,10.378188,2017-06-07T1210,0
8221,59.730988,10.307944,2017-06-07T1210,0.1
8224,64.5937,10.957855,2017-06-07T1210,0
8226,60.645158,5.045034,2017-06-07T1210,0
8227,58.70635,5.657392,2017-06-07T1210,0
8228,58.928049,5.850493,2017-06-07T1210,0
8231,59.932696,10.915036,2017-06-07T1210,0
8234,62.300359,5.740271,2017-06-07T1210,0
8235,60.465585,5.289097,2017-06-07T1210,0
8241,59.243558,10.473177,2017-06-07T1210,0.2
8244,59.241472,11.686692,2017-06-07T1210,0.4
8245,59.950001,10.75,2017-06-07T1210,0
8248,60.391145,5.428917,2017-06-07T1210,0
8249,59.176957,10.905178,2017-06-07T1210,0
8252,58.145091,8.016075,2017-06-07T1210,0
8260,60.456856,5.085342,2017-06-07T1210,0
8262,60.363823,5.181069,2017-06-07T1210,0
8265,59.014737,10.159029,2017-06-07T1210,0.1
8282,58.594407,6.179875,2017-06-07T1210,0.1
8285,60.941197,10.694429,2017-06-07T1210,0
8289,59.964089,12.114282,2017-06-07T1210,0.1
8294,60.522144,6.080348,2017-06-07T1210,0
8296,59.049657,10.015474,2017-06-07T1210,0.1
8297,59.942706,10.720614,2017-06-07T1210,0.2
8307,62.543236,6.56645,2017-06-07T1210,0
8311,58.1901,8.03268,2017-06-07T1210,0.1
8317,59.797879,10.807487,2017-06-07T1210,0
8322,60.62225,10.600069,2017-06-07T1210,0.3
8326,60.349304,5.364051,2017-06-07T1210,0
8328,58.897975,9.290339,2017-06-07T1210,0.71
8332,63.497641,9.119435,2017-06-07T1210,0
8337,59.148676,11.385,2017-06-07T1210,0.2
8338,58.822102,5.705483,2017-06-07T1210,0
8340,61.664614,9.69284,2017-06-07T1210,0
8347,59.129351,9.641295,2017-06-07T1210,0.4
8351,60.570136,5.464792,2017-06-07T1210,0
8352,59.591585,9.78646,2017-06-07T1210,0.81
8354,60.31218,5.265721,2017-06-07T1210,0
8355,59.730593,11.062463,2017-06-07T1210,0
8358,60.043428,9.553639,2017-06-07T1210,0.71
8360,59.496805,5.878307,2017-06-07T1210,0
8363,60.186752,10.198468,2017-06-07T1210,0.61
8368,58.031255,7.43691,2017-06-07T1210,0
8373,63.476954,10.920281,2017-06-07T1210,0
8374,59.950001,10.75,2017-06-07T1210,0.1
8375,58.468457,5.919761,2017-06-07T1210,0.2
8392,60.56637,9.106912,2017-06-07T1210,0.81
8393,64.245156,12.373722,2017-06-07T1210,0
8406,59.176867,5.846061,2017-06-07T1210,0.1
8413,58.791399,5.717089,2017-06-07T1210,0
8419,58.956495,5.630018,2017-06-07T1210,0
8421,58.253078,8.168402,2017-06-07T1210,0
8422,63.12701,7.810258,2017-06-07T1210,0
8425,59.102831,10.915126,2017-06-07T1210,0.1
8432,58.274585,6.815541,2017-06-07T1210,0
8433,63.678468,10.656629,2017-06-07T1210,0
8461,59.770904,10.25011,2017-06-07T1210,0
8463,61.308271,12.252964,2017-06-07T1210,0
8468,60.089261,11.481956,2017-06-07T1210,0
8477,59.934417,5.452101,2017-06-07T1210,0.2
8483,59.947653,11.000843,2017-06-07T1210,0
8486,58.900608,9.553648,2017-06-07T1210,0
8488,59.642015,9.670735,2017-06-07T1210,1.21
8490,61.192171,7.622006,2017-06-07T1210,0
8493,60.386438,5.211177,2017-06-07T1210,0
8496,68.236198,14.567833,2017-06-07T1210,0
8497,59.875982,10.517511,2017-06-07T1210,0.1
8500,60.87645,10.95949,2017-06-07T1210,0
8505,63.007903,7.578079,2017-06-07T1210,0
8506,60.470266,5.303433,2017-06-07T1210,0
8512,61.106574,10.444607,2017-06-07T1210,0
8514,63.518935,7.960699,2017-06-07T1210,0
8518,58.66608,5.634239,2017-06-07T1210,0
8521,59.059261,11.004044,2017-06-07T1210,0
8527,60.16048,10.231517,2017-06-07T1210,0.4
8529,60.717999,11.1942,2017-06-07T1210,0
8530,63.10714,11.301222,2017-06-07T1210,0
8531,60.300325,5.344164,2017-06-07T1210,0
8533,59.607679,11.439197,2017-06-07T1210,0.4
8534,58.858565,5.758818,2017-06-07T1210,0
8535,59.75866,10.84996,2017-06-07T1210,0
8539,67.283998,14.420782,2017-06-07T1210,0
8543,60.734749,8.700621,2017-06-07T1210,0.2
8544,60.378428,5.327805,2017-06-07T1210,0
8549,59.603281,6.365276,2017-06-07T1210,0
8552,60.73833,11.494973,2017-06-07T1210,0.2
8555,63.432452,10.588505,2017-06-07T1210,0
8560,59.202304,9.596562,2017-06-07T1210,0.4
8563,59.956732,10.872926,2017-06-07T1210,0
8566,60.529837,12.000297,2017-06-07T1210,0.1
8567,58.850731,5.727497,2017-06-07T1210,0
8568,59.890851,10.84491,2017-06-07T1210,0
8572,59.393279,5.28723,2017-06-07T1210,0
8573,59.835033,11.127816,2017-06-07T1210,0
8576,62.619284,6.212442,2017-06-07T1210,0
8577,69.014613,15.792177,2017-06-07T1210,0
8579,63.404386,10.355187,2017-06-07T1210,0
8581,59.701787,10.273402,2017-06-07T1210,0.4
8584,59.816349,5.260203,2017-06-07T1210,0.2
8585,58.945663,9.136974,2017-06-07T1210,0.51
8587,59.91203,10.945385,2017-06-07T1210,0.1
8592,62.409267,6.557016,2017-06-07T1210,0
8608,58.176284,8.028175,2017-06-07T1210,0.1
8609,60.471068,12.0356,2017-06-07T1210,0.2
8613,59.927559,10.594353,2017-06-07T1210,0.1
8614,63.224464,9.630361,2017-06-07T1210,0
8618,59.227774,10.106779,2017-06-07T1210,0.61
8621,59.827915,10.692366,2017-06-07T1210,0.1
8624,59.395597,5.370884,2017-06-07T1210,0
8627,60.888382,11.578608,2017-06-07T1210,0
8631,59.641434,11.136823,2017-06-07T1210,0
8632,59.655236,10.725764,2017-06-07T1210,0.1
8635,58.175731,8.023858,2017-06-07T1210,0.1
8639,58.725629,9.059367,2017-06-07T1210,0.1
8640,58.329258,6.986791,2017-06-07T1210,0.1
8653,59.496073,9.991904,2017-06-07T1210,0.71
8655,58.443675,6.005089,2017-06-07T1210,0.51
8658,62.062571,6.212909,2017-06-07T1210,0
8661,60.860919,8.553965,2017-06-07T1210,3.94
8665,59.576673,10.259236,2017-06-07T1210,0.51
8667,59.2135,10.947678,2017-06-07T1210,0.2
8668,60.672627,11.3607,2017-06-07T1210,0.2
8669,62.666585,8.540908,2017-06-07T1210,0
8674,60.082146,11.414303,2017-06-07T1210,0.2
8675,59.206854,10.367912,2017-06-07T1210,0.1
8680,61.279629,10.367171,2017-06-07T1210,0
8682,63.200391,8.564085,2017-06-07T1210,0
8683,59.33017,10.48936,2017-06-07T1210,0.3
8690,59.967327,10.872396,2017-06-07T1210,0.1
8694,59.97468,9.993661,2017-06-07T1210,1.01
8699,62.737828,11.063586,2017-06-07T1210,0
8702,58.383109,6.068009,2017-06-07T1210,0
8704,63.401347,10.328801,2017-06-07T1210,0
8710,68.788883,16.595656,2017-06-07T1210,0
8713,58.41512,6.010909,2017-06-07T1210,0
8721,60.533222,5.026209,2017-06-07T1210,0
8726,60.807521,11.076134,2017-06-07T1210,0
8728,62.608669,6.446002,2017-06-07T1210,0
8729,58.460314,5.984103,2017-06-07T1210,0
8735,60.714116,11.832524,2017-06-07T1210,0.1
8739,60.845254,11.214828,2017-06-07T1210,0
8746,62.753341,8.623167,2017-06-07T1210,0
8753,63.096681,7.63778,2017-06-07T1210,0
8757,58.771506,5.644534,2017-06-07T1210,0
8759,58.340536,6.297037,2017-06-07T1210,0
8760,65.001068,11.697182,2017-06-07T1210,0
8768,60.210802,11.435682,2017-06-07T1210,0.3
8771,59.940538,10.993696,2017-06-07T1210,0
8772,59.76727,5.749767,2017-06-07T1210,0
8790,59.038769,10.065829,2017-06-07T1210,0.2
8792,60.37986,5.647222,2017-06-07T1210,0
8800,59.809069,10.255819,2017-06-07T1210,0
8812,60.031076,10.63967,2017-06-07T1210,0.4
8815,69.0118,15.763,2017-06-07T1210,0
8822,69.971665,23.263888,2017-06-07T1210,0
8824,59.834604,10.260343,2017-06-07T1210,0
8828,59.150276,5.253334,2017-06-07T1210,0.1
8829,59.530005,5.719714,2017-06-07T1210,0.1
8836,60.134245,10.313605,2017-06-07T1210,0.3
8837,61.965278,5.502111,2017-06-07T1210,0
8839,60.499604,5.42863,2017-06-07T1210,0
8840,66.189493,13.480678,2017-06-07T1210,0
8841,59.197432,9.569859,2017-06-07T1210,0.3
8847,60.389047,11.200638,2017-06-07T1210,0.1
8849,59.906285,10.547443,2017-06-07T1210,0.2
8850,60.447229,5.171168,2017-06-07T1210,0
8851,61.084891,11.286976,2017-06-07T1210,0
8855,59.24197,9.573596,2017-06-07T1210,0.4
8863,62.255459,5.47556,2017-06-07T1210,0
8867,59.745923,10.765083,2017-06-07T1210,0.2
8872,60.44026,5.223956,2017-06-07T1210,0
8874,59.064772,5.938313,2017-06-07T1210,0.1
8879,59.463363,11.652572,2017-06-07T1210,0.71
8880,59.266068,11.144211,2017-06-07T1210,0.1
8883,60.391102,5.3247,2017-06-07T1210,0.51
8888,58.879748,5.675645,2017-06-07T1210,0
8892,62.014721,7.773899,2017-06-07T1210,0.5
8893,58.276476,8.50517,2017-06-07T1210,0
8899,59.388068,5.26866,2017-06-07T1210,0
8911,62.0667,6.3333,2017-06-07T1210,0
8912,67.292019,14.456439,2017-06-07T1210,0
8913,59.290651,5.468322,2017-06-07T1210,0.1
8914,60.556597,5.746359,2017-06-07T1210,0
8918,60.681633,10.815414,2017-06-07T1210,0.2
8922,62.624937,9.493628,2017-06-07T1210,0
8923,63.770822,9.804448,2017-06-07T1210,0
8929,60.315797,5.255795,2017-06-07T1210,0
8931,59.177174,11.669558,2017-06-07T1210,0.1
8937,60.799999,11.1,2017-06-07T1210,0.1
8938,60.15157,11.153424,2017-06-07T1210,0.1
8940,60.391102,5.3247,2017-06-07T1210,0.1
8941,58.84342,5.774947,2017-06-07T1210,0
8950,59.956495,5.994893,2017-06-07T1210,0
8959,65.895976,13.126101,2017-06-07T1210,0
8962,59.805243,5.5048,2017-06-07T1210,0.1
8964,59.920259,10.648749,2017-06-07T1210,0.3
8967,59.593666,9.153922,2017-06-07T1210,0.3
8968,59.904999,10.7487,2017-06-07T1210,0
8969,60.92249,9.309672,2017-06-07T1210,0.3
8970,59.946335,10.75522,2017-06-07T1210,0.2
8972,58.996703,5.683067,2017-06-07T1210,0
8976,59.583302,11.1629,2017-06-07T1210,0.2
8983,59.90688,10.762113,2017-06-07T1210,0
8984,59.098657,10.937974,2017-06-07T1210,0.2
8987,59.69386,10.612695,2017-06-07T1210,0.1
8988,60.697018,8.570211,2017-06-07T1210,0.91
8992,61.558488,9.952612,2017-06-07T1210,0
8994,64.438519,10.551701,2017-06-07T1210,0
9001,59.055847,10.930379,2017-06-07T1210,0
9003,59.273487,10.795186,2017-06-07T1210,0.2
9006,59.836509,10.441098,2017-06-07T1210,0.1
9007,60.367037,5.180065,2017-06-07T1210,0
9008,59.428711,10.289387,2017-06-07T1210,0.4
9010,59.806371,5.466027,2017-06-07T1210,0.2
9014,59.920725,5.340905,2017-06-07T1210,0.2
9015,70.98251,25.973602,2017-06-07T1210,0
9016,62.755162,7.21561,2017-06-07T1210,0
9018,70.264015,22.108737,2017-06-07T1210,0
9019,60.426638,5.152274,2017-06-07T1210,0
9020,63.598459,10.054413,2017-06-07T1210,0
9027,68.626121,14.830219,2017-06-07T1210,0
9028,59.934763,5.866321,2017-06-07T1210,0
9032,60.631406,6.415589,2017-06-07T1210,0
9034,59.940509,10.830627,2017-06-07T1210,0.1
9035,59.921576,10.746982,2017-06-07T1210,0.1
9036,60.440896,5.168213,2017-06-07T1210,0
9037,63.416698,10.4167,2017-06-07T1210,0
9040,58.846447,5.710039,2017-06-07T1210,0
9044,62.406311,6.588548,2017-06-07T1210,0
9047,61.045466,9.192809,2017-06-07T1210,0.2
9050,60.767127,11.125503,2017-06-07T1210,0
9054,59.10887,9.677517,2017-06-07T1210,0
9058,60.330357,10.543776,2017-06-07T1210,0.81
9068,59.047348,10.224189,2017-06-07T1210,0.1
9072,67.309439,14.569273,2017-06-07T1210,0
9074,69.261698,17.623126,2017-06-07T1210,0
9076,59.295511,10.422325,2017-06-07T1210,0.3
9085,59.940353,10.776233,2017-06-07T1210,0.1
9091,60.1257,10.207092,2017-06-07T1210,0.4
9093,59.552392,10.291782,2017-06-07T1210,0.3
9098,58.961059,5.753709,2017-06-07T1210,0.1
9099,58.448564,6.047199,2017-06-07T1210,0
9101,60.526872,12.095097,2017-06-07T1210,0.2
9103,58.932326,5.701054,2017-06-07T1210,0
9104,59.52308,10.453851,2017-06-07T1210,0.2
9105,59.259702,10.400637,2017-06-07T1210,0.51
9107,60.804345,4.994734,2017-06-07T1210,0
9120,58.923877,5.838761,2017-06-07T1210,0.1
9123,60.4731,5.270434,2017-06-07T1210,0
9126,58.275076,6.66656,2017-06-07T1210,0
9127,59.059544,5.930399,2017-06-07T1210,0
9130,58.169964,7.398523,2017-06-07T1210,0
9135,61.223484,7.126727,2017-06-07T1210,0
9136,59.748323,10.004245,2017-06-07T1210,0.2
9138,58.99755,5.653272,2017-06-07T1210,0.1
9147,60.675714,11.841983,2017-06-07T1210,0.2
9148,59.365439,5.664616,2017-06-07T1210,0.3
9162,58.998115,5.621484,2017-06-07T1210,0.1
9163,59.7425,10.2117,2017-06-07T1210,0.5
9164,59.142403,11.416509,2017-06-07T1210,0.1
9166,58.074033,7.010207,2017-06-07T1210,0
9170,59.276102,10.408652,2017-06-07T1210,0.1
9172,60.20178,5.473532,2017-06-07T1210,0
9173,62.504092,6.398777,2017-06-07T1210,0
9176,59.776453,10.797908,2017-06-07T1210,0.1
9179,68.245177,14.553116,2017-06-07T1210,0
9191,70.655066,23.701888,2017-06-07T1210,0
9192,59.209885,11.010982,2017-06-07T1210,0.2
9198,62.94002,7.851112,2017-06-07T1210,0
9199,62.461916,6.375525,2017-06-07T1210,0
9204,62.695713,6.374758,2017-06-07T1210,0
9206,58.885512,5.733692,2017-06-07T1210,0
9220,63.767942,11.401167,2017-06-07T1210,0
9225,58.457502,8.748388,2017-06-07T1210,0
9227,64.249755,12.35669,2017-06-07T1210,0
9229,59.330075,10.091496,2017-06-07T1210,0.71
9231,59.233505,6.177201,2017-06-07T1210,0
9236,60.44371,5.292674,2017-06-07T1210,0
9238,67.385509,15.351211,2017-06-07T1210,0
9242,59.935049,10.817551,2017-06-07T1210,0.1
9243,60.890677,10.987804,2017-06-07T1210,0
9244,63.882416,9.853421,2017-06-07T1210,0
9245,58.853472,5.729934,2017-06-07T1210,0
9251,60.81132,11.351083,2017-06-07T1210,0
9252,59.133636,9.661606,2017-06-07T1210,0.2
9257,60.336798,5.137483,2017-06-07T1210,0
9258,62.548821,6.03888,2017-06-07T1210,0
9260,59.176656,11.012657,2017-06-07T1210,0.1
9263,58.971819,5.710902,2017-06-07T1210,0
9264,60.369936,6.732991,2017-06-07T1210,0
9265,59.948888,10.744619,2017-06-07T1210,0
9266,58.540839,5.739899,2017-06-07T1210,0
9271,62.741085,7.136371,2017-06-07T1210,0
9274,64.512282,11.220628,2017-06-07T1210,0
9277,68.438994,17.453443,2017-06-07T1210,0
9280,59.020863,10.140396,2017-06-07T1210,0.1
9281,58.989243,5.634633,2017-06-07T1210,0
9282,67.295126,14.592581,2017-06-07T1210,0
9285,59.222397,10.922639,2017-06-07T1210,0.1
9287,59.813016,10.484445,2017-06-07T1210,0.1
9290,60.468592,5.745423,2017-06-07T1210,0
9295,59.02642,6.056424,2017-06-07T1210,0
9306,62.469012,6.332081,2017-06-07T1210,0
9309,58.795699,5.678382,2017-06-07T1210,0
9310,59.532192,10.68404,2017-06-07T1210,0.3
9311,59.886707,9.928657,2017-06-07T1210,0.3
9312,60.338152,5.301432,2017-06-07T1210,0
9313,59.421059,10.465319,2017-06-07T1210,0.1
9317,62.814525,7.205698,2017-06-07T1210,0
9322,59.375374,10.143726,2017-06-07T1210,0.4
9325,58.77395,5.642501,2017-06-07T1210,0
9330,60.377486,5.974699,2017-06-07T1210,0
9336,58.962225,5.726429,2017-06-07T1210,0
9340,59.876571,10.47766,2017-06-07T1210,0.2
9344,59.768121,10.262659,2017-06-07T1210,0.1
9347,62.312762,5.690306,2017-06-07T1210,0
9348,59.03647,9.995027,2017-06-07T1210,0.2
9350,59.210169,9.588929,2017-06-07T1210,0.3
9352,66.837319,13.778988,2017-06-07T1210,0
9354,62.544652,6.574334,2017-06-07T1210,0
9356,59.189153,10.212627,2017-06-07T1210,0
9358,59.922839,10.709152,2017-06-07T1210,0.2
9359,60.359453,5.374286,2017-06-07T1210,0
9361,58.279491,6.944694,2017-06-07T1210,0
9362,59.07634,10.408077,2017-06-07T1210,0.1
9364,63.310116,10.163987,2017-06-07T1210,0
9367,59.416703,9.055627,2017-06-07T1210,0.3
9372,59.137321,11.36195,2017-06-07T1210,0.2
9376,58.799274,5.553552,2017-06-07T1210,0
9378,63.400214,10.451128,2017-06-07T1210,0
9379,60.773159,10.691058,2017-06-07T1210,0.1
9391,58.205221,8.042922,2017-06-07T1210,0
9394,59.694495,10.611376,2017-06-07T1210,0.2
9399,62.318687,6.397292,2017-06-07T1210,0
9405,59.329201,8.997687,2017-06-07T1210,1.11
9410,59.9524,10.819131,2017-06-07T1210,0
9415,66.316704,14.1667,2017-06-07T1210,0
9420,62.71975,7.420755,2017-06-07T1210,0
9423,59.996054,11.019138,2017-06-07T1210,0.1
9433,59.49838,5.912639,2017-06-07T1210,0
9434,59.650494,6.811321,2017-06-07T1210,0.1
9437,68.780913,16.523043,2017-06-07T1210,0
9440,58.9558,5.604186,2017-06-07T1210,0
9444,64.172527,12.77122,2017-06-07T1210,0
9449,62.84164,7.054501,2017-06-07T1210,0
9456,58.969059,5.718331,2017-06-07T1210,0
9459,58.785665,5.724575,2017-06-07T1210,0
9462,62.67319,6.67532,2017-06-07T1210,0
9464,63.034216,7.783955,2017-06-07T1210,0
9470,59.274344,10.750331,2017-06-07T1210,0.2
9471,59.844754,11.185746,2017-06-07T1210,0
9474,68.097071,16.381081,2017-06-07T1210,0
9475,61.352885,5.404859,2017-06-07T1210,0
9477,61.075788,8.733862,2017-06-07T1210,0.51
9484,59.898899,10.51016,2017-06-07T1210,0
9485,59.663605,5.988568,2017-06-07T1210,0
9486,59.470219,10.692376,2017-06-07T1210,0.2
9489,60.660749,4.802516,2017-06-07T1210,0
9491,59.509229,10.289208,2017-06-07T1210,0.3
9492,59.849422,8.942552,2017-06-07T1210,0.51
9496,58.851768,5.747473,2017-06-07T1210,0
9499,59.073531,10.195927,2017-06-07T1210,0.1
9505,59.857709,10.802717,2017-06-07T1210,0
9506,60.240158,5.829128,2017-06-07T1210,0
9513,60.260786,6.624863,2017-06-07T1210,0
9514,58.007609,7.10384,2017-06-07T1210,0
9515,58.179339,6.799681,2017-06-07T1210,0
9520,60.358477,10.57367,2017-06-07T1210,0.3
9522,70.643998,23.679147,2017-06-07T1210,0
9523,61.988559,5.046457,2017-06-07T1210,0
9525,58.903441,5.714271,2017-06-07T1210,0
9526,61.37809,5.109937,2017-06-07T1210,0
9530,65.491073,12.235792,2017-06-07T1210,0
9531,60.708155,4.920757,2017-06-07T1210,0
9535,69.32,18.149722,2017-06-07T1210,0
9537,62.153117,5.297661,2017-06-07T1210,0
9540,58.920717,5.866349,2017-06-07T1210,0
9548,59.979664,10.636996,2017-06-07T1210,0.51
9550,60.488871,5.265294,2017-06-07T1210,0
9551,58.12303,7.961269,2017-06-07T1210,0
9553,59.797852,5.516889,2017-06-07T1210,0.1
9555,60.880901,10.9395,2017-06-07T1210,0.51
9556,59.034027,9.711487,2017-06-07T1210,0.1
9557,59.09195,10.211998,2017-06-07T1210,0.1
9559,60.011677,11.022086,2017-06-07T1210,0.2
9564,64.012288,9.949727,2017-06-07T1210,0
9566,60.208821,10.104837,2017-06-07T1210,0.1
9567,59.046279,10.071204,2017-06-07T1210,0.2
9570,67.25841,15.3893,2017-06-07T1210,0
9580,58.990613,5.693739,2017-06-07T1210,0.1
9583,67.298477,14.40265,2017-06-07T1210,0
9585,59.244618,5.813667,2017-06-07T1210,0.1
9595,62.946353,7.867239,2017-06-07T1210,0
9597,70.459807,27.874269,2017-06-07T1210,0
9599,60.366723,5.186115,2017-06-07T1210,0
9604,59.371574,10.256046,2017-06-07T1210,0.71
9605,59.516139,10.278695,2017-06-07T1210,0.4
9610,63.515079,8.372222,2017-06-07T1210,0
9611,62.69458,6.690894,2017-06-07T1210,0
9612,59.200514,10.916153,2017-06-07T1210,0.1
9614,60.763973,11.107001,2017-06-07T1210,0
9628,59.754219,10.930945,2017-06-07T1210,0
9631,59.656195,10.657996,2017-06-07T1210,0.1
9632,61.014015,8.950683,2017-06-07T1210,0.3
9635,59.950001,10.75,2017-06-07T1210,0
9641,59.133334,11.394188,2017-06-07T1210,0
9644,59.923745,10.601567,2017-06-07T1210,0.1
9645,59.417518,11.358274,2017-06-07T1210,0.1
9647,59.93117,10.815753,2017-06-07T1210,0
9650,68.387717,16.841343,2017-06-07T1210,0
9652,59.638861,9.669739,2017-06-07T1210,0.91
9653,59.878503,10.482392,2017-06-07T1210,0.1
9658,59.950001,10.75,2017-06-07T1210,0.61
9661,59.175562,10.384407,2017-06-07T1210,0.1
9669,59.426254,11.439624,2017-06-07T1210,0.51
9672,59.878606,10.85042,2017-06-07T1210,0
9677,59.852239,10.405786,2017-06-07T1210,0.1
9680,58.680555,5.720572,2017-06-07T1210,0
9694,59.528073,10.084408,2017-06-07T1210,0.61
9697,58.260523,8.476819,2017-06-07T1210,0
9699,59.0332,6.045054,2017-06-07T1210,0
9700,59.180052,10.429753,2017-06-07T1210,0.1
9701,58.078056,7.027819,2017-06-07T1210,0
9702,63.782351,8.701197,2017-06-07T1210,0
9706,59.03056,11.03526,2017-06-07T1210,0.1
9711,60.047186,5.182632,2017-06-07T1210,0
9717,59.296462,5.201336,2017-06-07T1210,0
9718,60.39334,5.442949,2017-06-07T1210,0
9721,60.928724,5.008948,2017-06-07T1210,0
9722,58.931934,5.641384,2017-06-07T1210,0
9723,59.544054,10.745624,2017-06-07T1210,0.2
9724,58.443118,8.719362,2017-06-07T1210,0
9726,60.513077,5.656408,2017-06-07T1210,0
9743,59.901319,10.791765,2017-06-07T1210,0
9746,60.385525,5.092329,2017-06-07T1210,0
9751,62.34661,5.598945,2017-06-07T1210,0
3720,59.5873,11.0967,2017-06-07T1210,0.3
3810,59.5872,11.166,2017-06-07T1210,0.2
4110,59.946,10.9762,2017-06-07T1210,0.1
17780,59.8095,10.6308,2017-06-07T1210,0.1
17870,59.6703,10.8107,2017-06-07T1210,0.1
18020,59.8783,10.7857,2017-06-07T1210,0.2
18162,59.9047,10.7864,2017-06-07T1210,0.3
18180,59.907,10.847,2017-06-07T1210,0.1
18205,59.9287,10.7902,2017-06-07T1210,0.1
18215,59.9323,10.8315,2017-06-07T1210,0.1
18225,59.9467,10.8293,2017-06-07T1210,0.1
18245,59.9652,10.8737,2017-06-07T1210,0.1
18270,59.9667,10.9333,2017-06-07T1210,0.1
18310,59.9147,10.7747,2017-06-07T1210,0.1
18405,59.9398,10.7727,2017-06-07T1210,0.1
18420,59.9463,10.7903,2017-06-07T1210,0.1
18440,59.9605,10.7853,2017-06-07T1210,0.1
18645,59.9142,10.7202,2017-06-07T1210,0.2
18701,59.9423,10.7201,2017-06-07T1210,0.1
18703,59.9426,10.7194,2017-06-07T1210,0.2
18815,59.905,10.6828,2017-06-07T1210,0.2
18980,59.9203,10.6343,2017-06-07T1210,0.2
19405,59.8909,10.608,2017-06-07T1210,0.1
19458,59.9248,10.5878,2017-06-07T1210,0.2
19490,59.9058,10.5122,2017-06-07T1210,0.1
19510,59.9405,10.6227,2017-06-07T1210,0.2
19530,59.9967,10.4601,2017-06-07T1210,0.2
19932,59.8562,10.065,2017-06-07T1210,0.5
26594,59.7327,10.1973,2017-06-07T1210,0.3
26790,59.7498,10.0275,2017-06-07T1210,0.3
26810,59.7688,9.9155,2017-06-07T1210,0.5
26840,59.7658,10.0123,2017-06-07T1210,0.2
26852,59.7487,10.2258,2017-06-07T1210,0.1
26862,59.744,10.2118,2017-06-07T1210,0.1
26864,59.7497,10.195,2017-06-07T1210,0.1
26872,59.7523,10.1705,2017-06-07T1210,0.1
26898,59.7538,10.1382,2017-06-07T1210,0.2
26934,59.7112,10.2688,2017-06-07T1210,0.4
27015,59.7192,10.1458,2017-06-07T1210,0.5
27120,59.4283,10.3847,2017-06-07T1210,0.3
27160,59.4198,10.4647,2017-06-07T1210,0.3
27270,59.2782,10.4312,2017-06-07T1210,0.4
27400,59.2366,10.456,2017-06-07T1210,0.2
27403,59.2084,10.4544,2017-06-07T1210,0.1
27406,59.169,10.4238,2017-06-07T1210,0
27420,59.1208,10.398,2017-06-07T1210,0
27433,59.1745,10.3655,2017-06-07T1210,0.1
27435,59.2417,10.4023,2017-06-07T1210,0.4
27460,59.2173,10.4103,2017-06-07T1210,0.2
27564,59.1505,10.2025,2017-06-07T1210,0.3
